  2.000000000000000E-003  2.000000000000000E-003 -0.604130067664885     
  2.000000000000000E-003  0.302332916666667      -0.609173674142084     
  2.000000000000000E-003  0.602665833333333      -0.560735342888867     
  2.000000000000000E-003  0.902998750000000      -0.489230930523361     
  2.000000000000000E-003   1.20333166666667      -0.429367884825764     
  2.000000000000000E-003   1.50366458333333      -0.383728941079710     
  2.000000000000000E-003   1.80399750000000      -0.348762381271509     
  2.000000000000000E-003   2.10433041666667      -0.321487756819033     
  2.000000000000000E-003   2.40466333333333      -0.300557744023117     
  2.000000000000000E-003   2.70499625000000      -0.284875520146335     
  2.000000000000000E-003   3.00532916666667      -0.271932542701716     
  2.000000000000000E-003   3.30566208333333      -0.257639090539491     
  2.000000000000000E-003   3.60599500000000      -0.242924853459325     
  2.000000000000000E-003   3.90632791666667      -0.228148440189849     
  2.000000000000000E-003   4.20666083333333      -0.213754173107356     
  2.000000000000000E-003   4.50699375000000      -0.199389726517168     
  2.000000000000000E-003   4.80732666666667      -0.186490397443133     
  2.000000000000000E-003   5.10765958333333      -0.175664516389488     
  2.000000000000000E-003   5.40799250000000      -0.166707741214005     
  2.000000000000000E-003   5.70832541666667      -0.159367621538001     
  2.000000000000000E-003   6.00865833333333      -0.153061967610762     
  2.000000000000000E-003   6.30899125000000      -0.147445530898091     
  2.000000000000000E-003   6.60932416666667      -0.142625283194993     
  2.000000000000000E-003   6.90965708333333      -0.139382774416803     
  2.000000000000000E-003   7.20999000000000      -0.135871008863826     
  0.302332916666667       2.000000000000000E-003 -0.705871117904904     
  0.302332916666667       0.302332916666667      -0.618060345797274     
  0.302332916666667       0.602665833333333      -0.567995784916842     
  0.302332916666667       0.902998750000000      -0.514248151794048     
  0.302332916666667        1.20333166666667      -0.458295044589010     
  0.302332916666667        1.50366458333333      -0.410165249393188     
  0.302332916666667        1.80399750000000      -0.371076228126093     
  0.302332916666667        2.10433041666667      -0.339716439338796     
  0.302332916666667        2.40466333333333      -0.315238949401453     
  0.302332916666667        2.70499625000000      -0.296233393311569     
  0.302332916666667        3.00532916666667      -0.279950197771953     
  0.302332916666667        3.30566208333333      -0.262914364352729     
  0.302332916666667        3.60599500000000      -0.245334457864671     
  0.302332916666667        3.90632791666667      -0.230339552290604     
  0.302332916666667        4.20666083333333      -0.216160635541547     
  0.302332916666667        4.50699375000000      -0.202209291788674     
  0.302332916666667        4.80732666666667      -0.189419224132150     
  0.302332916666667        5.10765958333333      -0.178461670499779     
  0.302332916666667        5.40799250000000      -0.169337268555250     
  0.302332916666667        5.70832541666667      -0.161685311628553     
  0.302332916666667        6.00865833333333      -0.155109647250200     
  0.302332916666667        6.30899125000000      -0.149536817970410     
  0.302332916666667        6.60932416666667      -0.145173574598484     
  0.302332916666667        6.90965708333333      -0.142016595650593     
  0.302332916666667        7.20999000000000      -0.134333312996304     
  0.602665833333333       2.000000000000000E-003 -0.755913873594183     
  0.602665833333333       0.302332916666667      -0.686106341036973     
  0.602665833333333       0.602665833333333      -0.601668793608397     
  0.602665833333333       0.902998750000000      -0.539280250472890     
  0.602665833333333        1.20333166666667      -0.482285233345565     
  0.602665833333333        1.50366458333333      -0.431838246106846     
  0.602665833333333        1.80399750000000      -0.389556069666762     
  0.602665833333333        2.10433041666667      -0.355083669446152     
  0.602665833333333        2.40466333333333      -0.327434868344051     
  0.602665833333333        2.70499625000000      -0.304917460446311     
  0.602665833333333        3.00532916666667      -0.285173688799751     
  0.602665833333333        3.30566208333333      -0.265852209816296     
  0.602665833333333        3.60599500000000      -0.247100706421432     
  0.602665833333333        3.90632791666667      -0.230859651337256     
  0.602665833333333        4.20666083333333      -0.216612829730979     
  0.602665833333333        4.50699375000000      -0.203409756426861     
  0.602665833333333        4.80732666666667      -0.191300462878231     
  0.602665833333333        5.10765958333333      -0.180666790305481     
  0.602665833333333        5.40799250000000      -0.171449318305987     
  0.602665833333333        5.70832541666667      -0.163542533485325     
  0.602665833333333        6.00865833333333      -0.156710707973125     
  0.602665833333333        6.30899125000000      -0.150865328023482     
  0.602665833333333        6.60932416666667      -0.146113825590021     
  0.602665833333333        6.90965708333333      -0.140241788818369     
  0.602665833333333        7.20999000000000      -0.132372950183152     
  0.902998750000000       2.000000000000000E-003 -0.782327961853421     
  0.902998750000000       0.302332916666667      -0.734135512139487     
  0.902998750000000       0.602665833333333      -0.650098554469675     
  0.902998750000000       0.902998750000000      -0.572183479446259     
  0.902998750000000        1.20333166666667      -0.505256073858221     
  0.902998750000000        1.50366458333333      -0.449399590628886     
  0.902998750000000        1.80399750000000      -0.403704095862303     
  0.902998750000000        2.10433041666667      -0.366912802742640     
  0.902998750000000        2.40466333333333      -0.336706849657276     
  0.902998750000000        2.70499625000000      -0.311190778407087     
  0.902998750000000        3.00532916666667      -0.288808867031741     
  0.902998750000000        3.30566208333333      -0.267995570861590     
  0.902998750000000        3.60599500000000      -0.248679339075642     
  0.902998750000000        3.90632791666667      -0.231719846085346     
  0.902998750000000        4.20666083333333      -0.217145860114255     
  0.902998750000000        4.50699375000000      -0.204324336125861     
  0.902998750000000        4.80732666666667      -0.192767193759759     
  0.902998750000000        5.10765958333333      -0.182383561685031     
  0.902998750000000        5.40799250000000      -0.173123282975412     
  0.902998750000000        5.70832541666667      -0.164962357231274     
  0.902998750000000        6.00865833333333      -0.157731841625991     
  0.902998750000000        6.30899125000000      -0.150895687415435     
  0.902998750000000        6.60932416666667      -0.145132110659965     
  0.902998750000000        6.90965708333333      -0.138747496277128     
  0.902998750000000        7.20999000000000      -0.128554928329852     
   1.20333166666667       2.000000000000000E-003 -0.792314457602129     
   1.20333166666667       0.302332916666667      -0.746817738046290     
   1.20333166666667       0.602665833333333      -0.675686423562835     
   1.20333166666667       0.902998750000000      -0.595425871327228     
   1.20333166666667        1.20333166666667      -0.522978283377433     
   1.20333166666667        1.50366458333333      -0.462059712852068     
   1.20333166666667        1.80399750000000      -0.413676022962317     
   1.20333166666667        2.10433041666667      -0.374931813062796     
   1.20333166666667        2.40466333333333      -0.342749890697392     
   1.20333166666667        2.70499625000000      -0.315202857724558     
   1.20333166666667        3.00532916666667      -0.291029979263812     
   1.20333166666667        3.30566208333333      -0.269368255639899     
   1.20333166666667        3.60599500000000      -0.249871162363730     
   1.20333166666667        3.90632791666667      -0.232789887042981     
   1.20333166666667        4.20666083333333      -0.218137596258213     
   1.20333166666667        4.50699375000000      -0.205366534280715     
   1.20333166666667        4.80732666666667      -0.193971359116060     
   1.20333166666667        5.10765958333333      -0.183671796704828     
   1.20333166666667        5.40799250000000      -0.174331289061571     
   1.20333166666667        5.70832541666667      -0.165890026189809     
   1.20333166666667        6.00865833333333      -0.157981681157042     
   1.20333166666667        6.30899125000000      -0.151179448989909     
   1.20333166666667        6.60932416666667      -0.144228326624066     
   1.20333166666667        6.90965708333333      -0.138016641582654     
   1.20333166666667        7.20999000000000      -0.117926957966835     
   1.50366458333333       2.000000000000000E-003 -0.789617409407588     
   1.50366458333333       0.302332916666667      -0.736477305614729     
   1.50366458333333       0.602665833333333      -0.676937045724321     
   1.50366458333333       0.902998750000000      -0.602353659115099     
   1.50366458333333        1.20333166666667      -0.529787515324810     
   1.50366458333333        1.50366458333333      -0.468266855292639     
   1.50366458333333        1.80399750000000      -0.418997301130623     
   1.50366458333333        2.10433041666667      -0.378780722309114     
   1.50366458333333        2.40466333333333      -0.345235406611965     
   1.50366458333333        2.70499625000000      -0.316623961678666     
   1.50366458333333        3.00532916666667      -0.291715386564021     
   1.50366458333333        3.30566208333333      -0.269749263389059     
   1.50366458333333        3.60599500000000      -0.250377260128973     
   1.50366458333333        3.90632791666667      -0.233482128946493     
   1.50366458333333        4.20666083333333      -0.218867000505168     
   1.50366458333333        4.50699375000000      -0.206125432716529     
   1.50366458333333        4.80732666666667      -0.194792166854906     
   1.50366458333333        5.10765958333333      -0.184508058840487     
   1.50366458333333        5.40799250000000      -0.175074402629319     
   1.50366458333333        5.70832541666667      -0.166411780550636     
   1.50366458333333        6.00865833333333      -0.158441796539265     
   1.50366458333333        6.30899125000000      -0.150934976046745     
   1.50366458333333        6.60932416666667      -0.143849651551164     
   1.50366458333333        6.90965708333333      -0.137640280001328     
   1.50366458333333        7.20999000000000      -0.102925070701227     
   1.80399750000000       2.000000000000000E-003 -0.738894572966848     
   1.80399750000000       0.302332916666667      -0.709931913907883     
   1.80399750000000       0.602665833333333      -0.658850123180565     
   1.80399750000000       0.902998750000000      -0.591992013136488     
   1.80399750000000        1.20333166666667      -0.525764955757735     
   1.80399750000000        1.50366458333333      -0.467829319301874     
   1.80399750000000        1.80399750000000      -0.418856044439307     
   1.80399750000000        2.10433041666667      -0.378004927096987     
   1.80399750000000        2.40466333333333      -0.343918374866869     
   1.80399750000000        2.70499625000000      -0.315130711897093     
   1.80399750000000        3.00532916666667      -0.290375748260924     
   1.80399750000000        3.30566208333333      -0.268774177008876     
   1.80399750000000        3.60599500000000      -0.249837368792651     
   1.80399750000000        3.90632791666667      -0.233302871062816     
   1.80399750000000        4.20666083333333      -0.218915316246702     
   1.80399750000000        4.50699375000000      -0.206312129319828     
   1.80399750000000        4.80732666666667      -0.195070575099665     
   1.80399750000000        5.10765958333333      -0.184828110208615     
   1.80399750000000        5.40799250000000      -0.175364539103157     
   1.80399750000000        5.70832541666667      -0.166591311576660     
   1.80399750000000        6.00865833333333      -0.158458129788931     
   1.80399750000000        6.30899125000000      -0.150861931271711     
   1.80399750000000        6.60932416666667      -0.144020681325905     
   1.80399750000000        6.90965708333333      -0.137658350123266     
   1.80399750000000        7.20999000000000      -0.122879823450094     
   2.10433041666667       2.000000000000000E-003 -0.690832201945735     
   2.10433041666667       0.302332916666667      -0.673663789206822     
   2.10433041666667       0.602665833333333      -0.630415848225986     
   2.10433041666667       0.902998750000000      -0.573841747577703     
   2.10433041666667        1.20333166666667      -0.514987347998445     
   2.10433041666667        1.50366458333333      -0.460336441746875     
   2.10433041666667        1.80399750000000      -0.412610126493571     
   2.10433041666667        2.10433041666667      -0.372330515432092     
   2.10433041666667        2.40466333333333      -0.338800425443257     
   2.10433041666667        2.70499625000000      -0.310758177220267     
   2.10433041666667        3.00532916666667      -0.286895091545637     
   2.10433041666667        3.30566208333333      -0.266196613944105     
   2.10433041666667        3.60599500000000      -0.248042377089052     
   2.10433041666667        3.90632791666667      -0.232093828524632     
   2.10433041666667        4.20666083333333      -0.218096834771898     
   2.10433041666667        4.50699375000000      -0.205745935960465     
   2.10433041666667        4.80732666666667      -0.194678690135537     
   2.10433041666667        5.10765958333333      -0.184562540661416     
   2.10433041666667        5.40799250000000      -0.175182883497424     
   2.10433041666667        5.70832541666667      -0.166460476593883     
   2.10433041666667        6.00865833333333      -0.158393356394841     
   2.10433041666667        6.30899125000000      -0.150999347930628     
   2.10433041666667        6.60932416666667      -0.144340594015891     
   2.10433041666667        6.90965708333333      -0.138235531745641     
   2.10433041666667        7.20999000000000      -0.132341246545638     
   2.40466333333333       2.000000000000000E-003 -0.673475454334159     
   2.40466333333333       0.302332916666667      -0.655622442186409     
   2.40466333333333       0.602665833333333      -0.609981268704212     
   2.40466333333333       0.902998750000000      -0.553821645857954     
   2.40466333333333        1.20333166666667      -0.497459511660253     
   2.40466333333333        1.50366458333333      -0.445594554725430     
   2.40466333333333        1.80399750000000      -0.400278456493184     
   2.40466333333333        2.10433041666667      -0.362023084156106     
   2.40466333333333        2.40466333333333      -0.330275559637634     
   2.40466333333333        2.70499625000000      -0.303867337317123     
   2.40466333333333        3.00532916666667      -0.281492997079193     
   2.40466333333333        3.30566208333333      -0.262085134431869     
   2.40466333333333        3.60599500000000      -0.244967832965702     
   2.40466333333333        3.90632791666667      -0.229786386563510     
   2.40466333333333        4.20666083333333      -0.216323164979698     
   2.40466333333333        4.50699375000000      -0.204344071235340     
   2.40466333333333        4.80732666666667      -0.193557920036111     
   2.40466333333333        5.10765958333333      -0.183677997332037     
   2.40466333333333        5.40799250000000      -0.174510692869918     
   2.40466333333333        5.70832541666667      -0.165992218073435     
   2.40466333333333        6.00865833333333      -0.158152153342284     
   2.40466333333333        6.30899125000000      -0.151044599508104     
   2.40466333333333        6.60932416666667      -0.144689504393257     
   2.40466333333333        6.90965708333333      -0.139024459572231     
   2.40466333333333        7.20999000000000      -0.133976660741776     
   2.70499625000000       2.000000000000000E-003 -0.661369936122601     
   2.70499625000000       0.302332916666667      -0.641799554869435     
   2.70499625000000       0.602665833333333      -0.591928526945046     
   2.70499625000000       0.902998750000000      -0.530349387797568     
   2.70499625000000        1.20333166666667      -0.473432408539594     
   2.70499625000000        1.50366458333333      -0.424600194615995     
   2.70499625000000        1.80399750000000      -0.382973260042131     
   2.70499625000000        2.10433041666667      -0.348082896188667     
   2.70499625000000        2.40466333333333      -0.319154222231128     
   2.70499625000000        2.70499625000000      -0.295052740007608     
   2.70499625000000        3.00532916666667      -0.274556170379606     
   2.70499625000000        3.30566208333333      -0.256658835165811     
   2.70499625000000        3.60599500000000      -0.240722946324346     
   2.70499625000000        3.90632791666667      -0.226431853345566     
   2.70499625000000        4.20666083333333      -0.213623571168330     
   2.70499625000000        4.50699375000000      -0.202134214023277     
   2.70499625000000        4.80732666666667      -0.191740015406128     
   2.70499625000000        5.10765958333333      -0.182204042945590     
   2.70499625000000        5.40799250000000      -0.173362352745346     
   2.70499625000000        5.70832541666667      -0.165170210625881     
   2.70499625000000        6.00865833333333      -0.157676007322294     
   2.70499625000000        6.30899125000000      -0.150946911413323     
   2.70499625000000        6.60932416666667      -0.145016884407771     
   2.70499625000000        6.90965708333333      -0.139766838992326     
   2.70499625000000        7.20999000000000      -0.134999862051816     
   3.00532916666667       2.000000000000000E-003 -0.634200930929635     
   3.00532916666667       0.302332916666667      -0.612424071706906     
   3.00532916666667       0.602665833333333      -0.559987775506084     
   3.00532916666667       0.902998750000000      -0.499379153905746     
   3.00532916666667        1.20333166666667      -0.444317058554626     
   3.00532916666667        1.50366458333333      -0.399638345125448     
   3.00532916666667        1.80399750000000      -0.362741384022736     
   3.00532916666667        2.10433041666667      -0.332038732193961     
   3.00532916666667        2.40466333333333      -0.306478889247332     
   3.00532916666667        2.70499625000000      -0.284988953779139     
   3.00532916666667        3.00532916666667      -0.266511453271922     
   3.00532916666667        3.30566208333333      -0.250193233213228     
   3.00532916666667        3.60599500000000      -0.235499949571723     
   3.00532916666667        3.90632791666667      -0.222181415734316     
   3.00532916666667        4.20666083333333      -0.210130263311898     
   3.00532916666667        4.50699375000000      -0.199237125359239     
   3.00532916666667        4.80732666666667      -0.189331504495517     
   3.00532916666667        5.10765958333333      -0.180223143334485     
   3.00532916666667        5.40799250000000      -0.171783667579277     
   3.00532916666667        5.70832541666667      -0.163994541275831     
   3.00532916666667        6.00865833333333      -0.156927556096031     
   3.00532916666667        6.30899125000000      -0.150684562005151     
   3.00532916666667        6.60932416666667      -0.145248831094730     
   3.00532916666667        6.90965708333333      -0.140312892073432     
   3.00532916666667        7.20999000000000      -0.135720958912352     
   3.30566208333333       2.000000000000000E-003 -0.584043885979615     
   3.30566208333333       0.302332916666667      -0.563449080352413     
   3.30566208333333       0.602665833333333      -0.515359972427999     
   3.30566208333333       0.902998750000000      -0.460906483653685     
   3.30566208333333        1.20333166666667      -0.412445440246144     
   3.30566208333333        1.50366458333333      -0.373504612706310     
   3.30566208333333        1.80399750000000      -0.341793382741519     
   3.30566208333333        2.10433041666667      -0.315397231358817     
   3.30566208333333        2.40466333333333      -0.293197015515744     
   3.30566208333333        2.70499625000000      -0.274259752042553     
   3.30566208333333        3.00532916666667      -0.257740190370263     
   3.30566208333333        3.30566208333333      -0.242970757131361     
   3.30566208333333        3.60599500000000      -0.229535825350832     
   3.30566208333333        3.90632791666667      -0.217247254757490     
   3.30566208333333        4.20666083333333      -0.206033622704944     
   3.30566208333333        4.50699375000000      -0.195817816710804     
   3.30566208333333        4.80732666666667      -0.186466629619168     
   3.30566208333333        5.10765958333333      -0.177831057539251     
   3.30566208333333        5.40799250000000      -0.169821285703021     
   3.30566208333333        5.70832541666667      -0.162451657541929     
   3.30566208333333        6.00865833333333      -0.155831636729229     
   3.30566208333333        6.30899125000000      -0.150115023734221     
   3.30566208333333        6.60932416666667      -0.145176444021889     
   3.30566208333333        6.90965708333333      -0.140489379619008     
   3.30566208333333        7.20999000000000      -0.135940548808146     
   3.60599500000000       2.000000000000000E-003 -0.521000975765925     
   3.60599500000000       0.302332916666667      -0.505938004321684     
   3.60599500000000       0.602665833333333      -0.467482249916502     
   3.60599500000000       0.902998750000000      -0.421943805799731     
   3.60599500000000        1.20333166666667      -0.381215171744591     
   3.60599500000000        1.50366458333333      -0.348417636111744     
   3.60599500000000        1.80399750000000      -0.321617963531121     
   3.60599500000000        2.10433041666667      -0.299105584771510     
   3.60599500000000        2.40466333333333      -0.279899693370801     
   3.60599500000000        2.70499625000000      -0.263261703985938     
   3.60599500000000        3.00532916666667      -0.248552524417790     
   3.60599500000000        3.30566208333333      -0.235266825270458     
   3.60599500000000        3.60599500000000      -0.223084482464665     
   3.60599500000000        3.90632791666667      -0.211857297135389     
   3.60599500000000        4.20666083333333      -0.201527302553839     
   3.60599500000000        4.50699375000000      -0.192030523336288     
   3.60599500000000        4.80732666666667      -0.183259086217852     
   3.60599500000000        5.10765958333333      -0.175099917231533     
   3.60599500000000        5.40799250000000      -0.167499919508344     
   3.60599500000000        5.70832541666667      -0.160503416765027     
   3.60599500000000        6.00865833333333      -0.154251000808333     
   3.60599500000000        6.30899125000000      -0.148906428788545     
   3.60599500000000        6.60932416666667      -0.144307746888011     
   3.60599500000000        6.90965708333333      -0.139963899016709     
   3.60599500000000        7.20999000000000      -0.136308748015179     
   3.90632791666667       2.000000000000000E-003 -0.473197061983730     
   3.90632791666667       0.302332916666667      -0.458000539121902     
   3.90632791666667       0.602665833333333      -0.423891781745510     
   3.90632791666667       0.902998750000000      -0.385899652646820     
   3.90632791666667        1.20333166666667      -0.352319297252414     
   3.90632791666667        1.50366458333333      -0.325070092527844     
   3.90632791666667        1.80399750000000      -0.302573943710729     
   3.90632791666667        2.10433041666667      -0.283400722896850     
   3.90632791666667        2.40466333333333      -0.266802975301263     
   3.90632791666667        2.70499625000000      -0.252234537703249     
   3.90632791666667        3.00532916666667      -0.239215218426934     
   3.90632791666667        3.30566208333333      -0.227353935237368     
   3.90632791666667        3.60599500000000      -0.216395916407068     
   3.90632791666667        3.90632791666667      -0.206217904355921     
   3.90632791666667        4.20666083333333      -0.196766135483098     
   3.90632791666667        4.50699375000000      -0.187982251243647     
   3.90632791666667        4.80732666666667      -0.179777720753286     
   3.90632791666667        5.10765958333333      -0.172069550838284     
   3.90632791666667        5.40799250000000      -0.164833755906803     
   3.90632791666667        5.70832541666667      -0.158130045194216     
   3.90632791666667        6.00865833333333      -0.152086301611152     
   3.90632791666667        6.30899125000000      -0.146824072321138     
   3.90632791666667        6.60932416666667      -0.142162358606100     
   3.90632791666667        6.90965708333333      -0.137605931224515     
   3.90632791666667        7.20999000000000      -0.133105654395371     
   4.20666083333333       2.000000000000000E-003 -0.416642364300711     
   4.20666083333333       0.302332916666667      -0.405470445523129     
   4.20666083333333       0.602665833333333      -0.379728480224792     
   4.20666083333333       0.902998750000000      -0.350853413711660     
   4.20666083333333        1.20333166666667      -0.324684200459242     
   4.20666083333333        1.50366458333333      -0.302853282214410     
   4.20666083333333        1.80399750000000      -0.284273505379945     
   4.20666083333333        2.10433041666667      -0.268131746520090     
   4.20666083333333        2.40466333333333      -0.253961380690790     
   4.20666083333333        2.70499625000000      -0.241370680270381     
   4.20666083333333        3.00532916666667      -0.229983863999294     
   4.20666083333333        3.30566208333333      -0.219487801655845     
   4.20666083333333        3.60599500000000      -0.209683436132305     
   4.20666083333333        3.90632791666667      -0.200480898589789     
   4.20666083333333        4.20666083333333      -0.191842798663689     
   4.20666083333333        4.50699375000000      -0.183723237976718     
   4.20666083333333        4.80732666666667      -0.176051382927656     
   4.20666083333333        5.10765958333333      -0.168765554070433     
   4.20666083333333        5.40799250000000      -0.161858534668686     
   4.20666083333333        5.70832541666667      -0.155390732808006     
   4.20666083333333        6.00865833333333      -0.149454520385140     
   4.20666083333333        6.30899125000000      -0.144101245268098     
   4.20666083333333        6.60932416666667      -0.139223216675701     
   4.20666083333333        6.90965708333333      -0.134555782117663     
   4.20666083333333        7.20999000000000      -0.130181337064218     
   4.50699375000000       2.000000000000000E-003 -0.357173788118779     
   4.50699375000000       0.302332916666667      -0.350835391398679     
   4.50699375000000       0.602665833333333      -0.335292923890494     
   4.50699375000000       0.902998750000000      -0.316328553335651     
   4.50699375000000        1.20333166666667      -0.297847879609025     
   4.50699375000000        1.50366458333333      -0.281223950928399     
   4.50699375000000        1.80399750000000      -0.266422864772461     
   4.50699375000000        2.10433041666667      -0.253263244756609     
   4.50699375000000        2.40466333333333      -0.241516345822894     
   4.50699375000000        2.70499625000000      -0.230892500189714     
   4.50699375000000        3.00532916666667      -0.221085726002791     
   4.50699375000000        3.30566208333333      -0.211854800435839     
   4.50699375000000        3.60599500000000      -0.203073870811292     
   4.50699375000000        3.90632791666667      -0.194715144162897     
   4.50699375000000        4.20666083333333      -0.186784140565623     
   4.50699375000000        4.50699375000000      -0.179261115129768     
   4.50699375000000        4.80732666666667      -0.172091086519024     
   4.50699375000000        5.10765958333333      -0.165221313516445     
   4.50699375000000        5.40799250000000      -0.158646371916730     
   4.50699375000000        5.70832541666667      -0.152418906809878     
   4.50699375000000        6.00865833333333      -0.146611874271904     
   4.50699375000000        6.30899125000000      -0.141245210701687     
   4.50699375000000        6.60932416666667      -0.136273353136587     
   4.50699375000000        6.90965708333333      -0.131668323234264     
   4.50699375000000        7.20999000000000      -0.127493622711742     
   4.80732666666667       2.000000000000000E-003 -0.308077528479470     
   4.80732666666667       0.302332916666667      -0.304907743658161     
   4.80732666666667       0.602665833333333      -0.296494952312243     
   4.80732666666667       0.902998750000000      -0.284989463478316     
   4.80732666666667        1.20333166666667      -0.272592251901549     
   4.80732666666667        1.50366458333333      -0.260545289385357     
   4.80732666666667        1.80399750000000      -0.249351776570056     
   4.80732666666667        2.10433041666667      -0.239126793168720     
   4.80732666666667        2.40466333333333      -0.229759864194111     
   4.80732666666667        2.70499625000000      -0.221016984023465     
   4.80732666666667        3.00532916666667      -0.212653899402181     
   4.80732666666667        3.30566208333333      -0.204516866331195     
   4.80732666666667        3.60599500000000      -0.196580939840402     
   4.80732666666667        3.90632791666667      -0.188909839065775     
   4.80732666666667        4.20666083333333      -0.181574325394118     
   4.80732666666667        4.50699375000000      -0.174589718816308     
   4.80732666666667        4.80732666666667      -0.167911799888813     
   4.80732666666667        5.10765958333333      -0.161483167078655     
   4.80732666666667        5.40799250000000      -0.155285823223062     
   4.80732666666667        5.70832541666667      -0.149357765772883     
   4.80732666666667        6.00865833333333      -0.143764207358542     
   4.80732666666667        6.30899125000000      -0.138548593144481     
   4.80732666666667        6.60932416666667      -0.133707861296692     
   4.80732666666667        6.90965708333333      -0.129243058630168     
   4.80732666666667        7.20999000000000      -0.125239317786022     
   5.10765958333333       2.000000000000000E-003 -0.271968525077574     
   5.10765958333333       0.302332916666667      -0.270210401238054     
   5.10765958333333       0.602665833333333      -0.265328401581355     
   5.10765958333333       0.902998750000000      -0.258281678068203     
   5.10765958333333        1.20333166666667      -0.250178328299774     
   5.10765958333333        1.50366458333333      -0.241872416899279     
   5.10765958333333        1.80399750000000      -0.233842406975452     
   5.10765958333333        2.10433041666667      -0.226236667739310     
   5.10765958333333        2.40466333333333      -0.218968442170885     
   5.10765958333333        2.70499625000000      -0.211838826380249     
   5.10765958333333        3.00532916666667      -0.204671300747263     
   5.10765958333333        3.30566208333333      -0.197410576898551     
   5.10765958333333        3.60599500000000      -0.190141658136916     
   5.10765958333333        3.90632791666667      -0.183026271728654     
   5.10765958333333        4.20666083333333      -0.176203932138291     
   5.10765958333333        4.50699375000000      -0.169723689378518     
   5.10765958333333        4.80732666666667      -0.163545895128224     
   5.10765958333333        5.10765958333333      -0.157599562198777     
   5.10765958333333        5.40799250000000      -0.151845103091450     
   5.10765958333333        5.70832541666667      -0.146299308257171     
   5.10765958333333        6.00865833333333      -0.141015903224167     
   5.10765958333333        6.30899125000000      -0.136049307824433     
   5.10765958333333        6.60932416666667      -0.131436699979690     
   5.10765958333333        6.90965708333333      -0.127212342369052     
   5.10765958333333        7.20999000000000      -0.123418446812744     
   5.40799250000000       2.000000000000000E-003 -0.245272307762851     
   5.40799250000000       0.302332916666667      -0.244234749133394     
   5.40799250000000       0.602665833333333      -0.241212858078841     
   5.40799250000000       0.902998750000000      -0.236896812043861     
   5.40799250000000        1.20333166666667      -0.231745587726586     
   5.40799250000000        1.50366458333333      -0.226171799532467     
   5.40799250000000        1.80399750000000      -0.220516054083683     
   5.40799250000000        2.10433041666667      -0.214880172040177     
   5.40799250000000        2.40466333333333      -0.209180669587502     
   5.40799250000000        2.70499625000000      -0.203257803641333     
   5.40799250000000        3.00532916666667      -0.196999904282918     
   5.40799250000000        3.30566208333333      -0.190429109429036     
   5.40799250000000        3.60599500000000      -0.183709583813452     
   5.40799250000000        3.90632791666667      -0.177075846523646     
   5.40799250000000        4.20666083333333      -0.170722591103528     
   5.40799250000000        4.50699375000000      -0.164726617642547     
   5.40799250000000        4.80732666666667      -0.159051005746619     
   5.40799250000000        5.10765958333333      -0.153612279356384     
   5.40799250000000        5.40799250000000      -0.148350435952776     
   5.40799250000000        5.70832541666667      -0.143258604308082     
   5.40799250000000        6.00865833333333      -0.138368681241535     
   5.40799250000000        6.30899125000000      -0.133723719853122     
   5.40799250000000        6.60932416666667      -0.129378950279157     
   5.40799250000000        6.90965708333333      -0.125389496906137     
   5.40799250000000        7.20999000000000      -0.121838452479766     
   5.70832541666667       2.000000000000000E-003 -0.228901660594622     
   5.70832541666667       0.302332916666667      -0.227560842804986     
   5.70832541666667       0.602665833333333      -0.224814449649602     
   5.70832541666667       0.902998750000000      -0.221336366906450     
   5.70832541666667        1.20333166666667      -0.217583226321874     
   5.70832541666667        1.50366458333333      -0.213598782448149     
   5.70832541666667        1.80399750000000      -0.209341156223661     
   5.70832541666667        2.10433041666667      -0.204874025473600     
   5.70832541666667        2.40466333333333      -0.200149994962022     
   5.70832541666667        2.70499625000000      -0.195056841593745     
   5.70832541666667        3.00532916666667      -0.189516682533633     
   5.70832541666667        3.30566208333333      -0.183560251803644     
   5.70832541666667        3.60599500000000      -0.177356897266862     
   5.70832541666667        3.90632791666667      -0.171174501489066     
   5.70832541666667        4.20666083333333      -0.165259199415231     
   5.70832541666667        4.50699375000000      -0.159716534322198     
   5.70832541666667        4.80732666666667      -0.154513365003194     
   5.70832541666667        5.10765958333333      -0.149563782039308     
   5.70832541666667        5.40799250000000      -0.144799659020341     
   5.70832541666667        5.70832541666667      -0.140197558116897     
   5.70832541666667        6.00865833333333      -0.135758418599924     
   5.70832541666667        6.30899125000000      -0.131521418617238     
   5.70832541666667        6.60932416666667      -0.127502058158823     
   5.70832541666667        6.90965708333333      -0.123717730125807     
   5.70832541666667        7.20999000000000      -0.120019104804006     
   6.00865833333333       2.000000000000000E-003 -0.221587696453367     
   6.00865833333333       0.302332916666667      -0.219056965767810     
   6.00865833333333       0.602665833333333      -0.214805171533086     
   6.00865833333333       0.902998750000000      -0.210683049124971     
   6.00865833333333        1.20333166666667      -0.206969970939712     
   6.00865833333333        1.50366458333333      -0.203409847841549     
   6.00865833333333        1.80399750000000      -0.199668045424262     
   6.00865833333333        2.10433041666667      -0.195707203425538     
   6.00865833333333        2.40466333333333      -0.191541043232183     
   6.00865833333333        2.70499625000000      -0.187101893470267     
   6.00865833333333        3.00532916666667      -0.182285840732388     
   6.00865833333333        3.30566208333333      -0.177007164286080     
   6.00865833333333        3.60599500000000      -0.171322115353365     
   6.00865833333333        3.90632791666667      -0.165513166685577     
   6.00865833333333        4.20666083333333      -0.159972173481825     
   6.00865833333333        4.50699375000000      -0.154834911901282     
   6.00865833333333        4.80732666666667      -0.150041777762272     
   6.00865833333333        5.10765958333333      -0.145515300614499     
   6.00865833333333        5.40799250000000      -0.141201185309562     
   6.00865833333333        5.70832541666667      -0.137072972883876     
   6.00865833333333        6.00865833333333      -0.133188622966976     
   6.00865833333333        6.30899125000000      -0.129361178263674     
   6.00865833333333        6.60932416666667      -0.125648323723217     
   6.00865833333333        6.90965708333333      -0.121949667977312     
   6.00865833333333        7.20999000000000      -0.118068323676019     
   6.30899125000000       2.000000000000000E-003 -0.221603887945621     
   6.30899125000000       0.302332916666667      -0.216155897561539     
   6.30899125000000       0.602665833333333      -0.208089775382362     
   6.30899125000000       0.902998750000000      -0.202547204255030     
   6.30899125000000        1.20333166666667      -0.198467174029628     
   6.30899125000000        1.50366458333333      -0.194585215724561     
   6.30899125000000        1.80399750000000      -0.190730958118494     
   6.30899125000000        2.10433041666667      -0.186937998861968     
   6.30899125000000        2.40466333333333      -0.183201925463013     
   6.30899125000000        2.70499625000000      -0.179514788970329     
   6.30899125000000        3.00532916666667      -0.175623718053425     
   6.30899125000000        3.30566208333333      -0.171132753467609     
   6.30899125000000        3.60599500000000      -0.165871162118875     
   6.30899125000000        3.90632791666667      -0.160300663485479     
   6.30899125000000        4.20666083333333      -0.155004365001408     
   6.30899125000000        4.50699375000000      -0.150180230597207     
   6.30899125000000        4.80732666666667      -0.145753144218360     
   6.30899125000000        5.10765958333333      -0.141556624855710     
   6.30899125000000        5.40799250000000      -0.137607747194132     
   6.30899125000000        5.70832541666667      -0.133913055604279     
   6.30899125000000        6.00865833333333      -0.130441722422627     
   6.30899125000000        6.30899125000000      -0.127153376931374     
   6.30899125000000        6.60932416666667      -0.123783925619780     
   6.30899125000000        6.90965708333333      -0.120007292040215     
   6.30899125000000        7.20999000000000      -0.115925606169363     
   6.60932416666667       2.000000000000000E-003 -0.224338490572895     
   6.60932416666667       0.302332916666667      -0.212289018521192     
   6.60932416666667       0.602665833333333      -0.200114870154301     
   6.60932416666667       0.902998750000000      -0.194894467009987     
   6.60932416666667        1.20333166666667      -0.190731292113418     
   6.60932416666667        1.50366458333333      -0.186397664813394     
   6.60932416666667        1.80399750000000      -0.182197263239882     
   6.60932416666667        2.10433041666667      -0.178490642023592     
   6.60932416666667        2.40466333333333      -0.175252053728101     
   6.60932416666667        2.70499625000000      -0.172478550471073     
   6.60932416666667        3.00532916666667      -0.169740698012658     
   6.60932416666667        3.30566208333333      -0.166033304746722     
   6.60932416666667        3.60599500000000      -0.161093122343835     
   6.60932416666667        3.90632791666667      -0.155734302354322     
   6.60932416666667        4.20666083333333      -0.150662040440042     
   6.60932416666667        4.50699375000000      -0.146025306671304     
   6.60932416666667        4.80732666666667      -0.141766433403986     
   6.60932416666667        5.10765958333333      -0.137791185219830     
   6.60932416666667        5.40799250000000      -0.134120002712067     
   6.60932416666667        5.70832541666667      -0.130771980586310     
   6.60932416666667        6.00865833333333      -0.127624086314281     
   6.60932416666667        6.30899125000000      -0.124676203445961     
   6.60932416666667        6.60932416666667      -0.121973225193472     
   6.60932416666667        6.90965708333333      -0.118296588452262     
   6.60932416666667        7.20999000000000      -0.113495188072029     
   6.90965708333333       2.000000000000000E-003 -0.213406682187274     
   6.90965708333333       0.302332916666667      -0.198680354909237     
   6.90965708333333       0.602665833333333      -0.190999989873604     
   6.90965708333333       0.902998750000000      -0.187732546544935     
   6.90965708333333        1.20333166666667      -0.183424531590522     
   6.90965708333333        1.50366458333333      -0.178632872877745     
   6.90965708333333        1.80399750000000      -0.174183689047438     
   6.90965708333333        2.10433041666667      -0.170597505488109     
   6.90965708333333        2.40466333333333      -0.167884393980796     
   6.90965708333333        2.70499625000000      -0.165950137916437     
   6.90965708333333        3.00532916666667      -0.164177317252453     
   6.90965708333333        3.30566208333333      -0.161410457638027     
   6.90965708333333        3.60599500000000      -0.156995299619015     
   6.90965708333333        3.90632791666667      -0.151985810294777     
   6.90965708333333        4.20666083333333      -0.147223377351411     
   6.90965708333333        4.50699375000000      -0.142528496131797     
   6.90965708333333        4.80732666666667      -0.138178343920354     
   6.90965708333333        5.10765958333333      -0.134293411118678     
   6.90965708333333        5.40799250000000      -0.130834059737352     
   6.90965708333333        5.70832541666667      -0.127732451578354     
   6.90965708333333        6.00865833333333      -0.124759209448655     
   6.90965708333333        6.30899125000000      -0.121866172401073     
   6.90965708333333        6.60932416666667      -0.119320783282455     
   6.90965708333333        6.90965708333333      -0.117329037639397     
   6.90965708333333        7.20999000000000      -0.113120730563516     
   7.20999000000000       2.000000000000000E-003 -0.190389271810565     
   7.20999000000000       0.302332916666667      -0.191272909274369     
   7.20999000000000       0.602665833333333      -0.186096212510991     
   7.20999000000000       0.902998750000000      -0.181314343573034     
   7.20999000000000        1.20333166666667      -0.176332102965692     
   7.20999000000000        1.50366458333333      -0.171393766964291     
   7.20999000000000        1.80399750000000      -0.166877223877048     
   7.20999000000000        2.10433041666667      -0.163491090512202     
   7.20999000000000        2.40466333333333      -0.161114613524566     
   7.20999000000000        2.70499625000000      -0.159620389162567     
   7.20999000000000        3.00532916666667      -0.158382580430611     
   7.20999000000000        3.30566208333333      -0.156210932535706     
   7.20999000000000        3.60599500000000      -0.153538289876113     
   7.20999000000000        3.90632791666667      -0.148876317366143     
   7.20999000000000        4.20666083333333      -0.144179057901072     
   7.20999000000000        4.50699375000000      -0.139343659885040     
   7.20999000000000        4.80732666666667      -0.134892954738332     
   7.20999000000000        5.10765958333333      -0.131050427854067     
   7.20999000000000        5.40799250000000      -0.127741874960841     
   7.20999000000000        5.70832541666667      -0.124701940576178     
   7.20999000000000        6.00865833333333      -0.121920036425816     
   7.20999000000000        6.30899125000000      -0.119153944458071     
   7.20999000000000        6.60932416666667      -0.116459903907837     
   7.20999000000000        6.90965708333333      -0.114883507671669     
   7.20999000000000        7.20999000000000      -0.113490087243733     
