  2.000000000000000E-003  2.000000000000000E-003 -0.256051598557158     
  2.000000000000000E-003  0.302332916666667      -0.267522469017054     
  2.000000000000000E-003  0.602665833333333      -0.268452193895139     
  2.000000000000000E-003  0.902998750000000      -0.263627578381929     
  2.000000000000000E-003   1.20333166666667      -0.258222050428716     
  2.000000000000000E-003   1.50366458333333      -0.253524815846946     
  2.000000000000000E-003   1.80399750000000      -0.249876883435567     
  2.000000000000000E-003   2.10433041666667      -0.247901376141505     
  2.000000000000000E-003   2.40466333333333      -0.247334587019150     
  2.000000000000000E-003   2.70499625000000      -0.247917062143043     
  2.000000000000000E-003   3.00532916666667      -0.247884422733199     
  2.000000000000000E-003   3.30566208333333      -0.243891711598585     
  2.000000000000000E-003   3.60599500000000      -0.236767634545120     
  2.000000000000000E-003   3.90632791666667      -0.230990337957107     
  2.000000000000000E-003   4.20666083333333      -0.223080084331096     
  2.000000000000000E-003   4.50699375000000      -0.211681014587792     
  2.000000000000000E-003   4.80732666666667      -0.200401838253465     
  2.000000000000000E-003   5.10765958333333      -0.191037629669877     
  2.000000000000000E-003   5.40799250000000      -0.183757385299652     
  2.000000000000000E-003   5.70832541666667      -0.178308180413465     
  2.000000000000000E-003   6.00865833333333      -0.174543964177613     
  2.000000000000000E-003   6.30899125000000      -0.172192980070370     
  2.000000000000000E-003   6.60932416666667      -0.170371859828611     
  2.000000000000000E-003   6.90965708333333      -0.165863443396287     
  2.000000000000000E-003   7.20999000000000      -0.158240983386798     
  0.302332916666667       2.000000000000000E-003 -0.283856594381397     
  0.302332916666667       0.302332916666667      -0.271397793685629     
  0.302332916666667       0.602665833333333      -0.273541194310943     
  0.302332916666667       0.902998750000000      -0.276185295984465     
  0.302332916666667        1.20333166666667      -0.274406270898131     
  0.302332916666667        1.50366458333333      -0.271139781670753     
  0.302332916666667        1.80399750000000      -0.268049840266228     
  0.302332916666667        2.10433041666667      -0.265924265776571     
  0.302332916666667        2.40466333333333      -0.264617387201230     
  0.302332916666667        2.70499625000000      -0.263503362100520     
  0.302332916666667        3.00532916666667      -0.260521611342945     
  0.302332916666667        3.30566208333333      -0.253188818113624     
  0.302332916666667        3.60599500000000      -0.243650905349959     
  0.302332916666667        3.90632791666667      -0.237221832108873     
  0.302332916666667        4.20666083333333      -0.229532630513498     
  0.302332916666667        4.50699375000000      -0.218988608016561     
  0.302332916666667        4.80732666666667      -0.208201201998550     
  0.302332916666667        5.10765958333333      -0.198809173643164     
  0.302332916666667        5.40799250000000      -0.191012948106025     
  0.302332916666667        5.70832541666667      -0.184857386681452     
  0.302332916666667        6.00865833333333      -0.179983664195319     
  0.302332916666667        6.30899125000000      -0.175953994931385     
  0.302332916666667        6.60932416666667      -0.171692109546010     
  0.302332916666667        6.90965708333333      -0.166140802514709     
  0.302332916666667        7.20999000000000      -0.161779435938355     
  0.602665833333333       2.000000000000000E-003 -0.298295224190482     
  0.602665833333333       0.302332916666667      -0.291170167362305     
  0.602665833333333       0.602665833333333      -0.287182995732511     
  0.602665833333333       0.902998750000000      -0.290147234160143     
  0.602665833333333        1.20333166666667      -0.291245690200583     
  0.602665833333333        1.50366458333333      -0.290111557888028     
  0.602665833333333        1.80399750000000      -0.288067601327875     
  0.602665833333333        2.10433041666667      -0.286035942587321     
  0.602665833333333        2.40466333333333      -0.283822551305308     
  0.602665833333333        2.70499625000000      -0.280711516208621     
  0.602665833333333        3.00532916666667      -0.274873413266412     
  0.602665833333333        3.30566208333333      -0.265089662455175     
  0.602665833333333        3.60599500000000      -0.253777396770757     
  0.602665833333333        3.90632791666667      -0.244547497563519     
  0.602665833333333        4.20666083333333      -0.235739958873698     
  0.602665833333333        4.50699375000000      -0.225795876667630     
  0.602665833333333        4.80732666666667      -0.215780266611803     
  0.602665833333333        5.10765958333333      -0.206518128486848     
  0.602665833333333        5.40799250000000      -0.198257999672793     
  0.602665833333333        5.70832541666667      -0.191185063652225     
  0.602665833333333        6.00865833333333      -0.184991190942649     
  0.602665833333333        6.30899125000000      -0.179265400632598     
  0.602665833333333        6.60932416666667      -0.173580938970297     
  0.602665833333333        6.90965708333333      -0.168239986857264     
  0.602665833333333        7.20999000000000      -0.162988519948778     
  0.902998750000000       2.000000000000000E-003 -0.297952559987056     
  0.902998750000000       0.302332916666667      -0.302344932070784     
  0.902998750000000       0.602665833333333      -0.303540184934734     
  0.902998750000000       0.902998750000000      -0.306992620806922     
  0.902998750000000        1.20333166666667      -0.309773704712701     
  0.902998750000000        1.50366458333333      -0.310644413663676     
  0.902998750000000        1.80399750000000      -0.309887125928175     
  0.902998750000000        2.10433041666667      -0.308241029039389     
  0.902998750000000        2.40466333333333      -0.305339363071955     
  0.902998750000000        2.70499625000000      -0.300525582080395     
  0.902998750000000        3.00532916666667      -0.292940563150707     
  0.902998750000000        3.30566208333333      -0.282070751983622     
  0.902998750000000        3.60599500000000      -0.269407338912089     
  0.902998750000000        3.90632791666667      -0.257103838096049     
  0.902998750000000        4.20666083333333      -0.245566138786671     
  0.902998750000000        4.50699375000000      -0.234530424451426     
  0.902998750000000        4.80732666666667      -0.224116300906801     
  0.902998750000000        5.10765958333333      -0.214424858506519     
  0.902998750000000        5.40799250000000      -0.205498978320776     
  0.902998750000000        5.70832541666667      -0.197407874639575     
  0.902998750000000        6.00865833333333      -0.189955400792253     
  0.902998750000000        6.30899125000000      -0.182962357797007     
  0.902998750000000        6.60932416666667      -0.176434157457424     
  0.902998750000000        6.90965708333333      -0.170484216219110     
  0.902998750000000        7.20999000000000      -0.164185461416229     
   1.20333166666667       2.000000000000000E-003 -0.299265426581764     
   1.20333166666667       0.302332916666667      -0.309894105924784     
   1.20333166666667       0.602665833333333      -0.317746301488008     
   1.20333166666667       0.902998750000000      -0.324762446510011     
   1.20333166666667        1.20333166666667      -0.330427324209129     
   1.20333166666667        1.50366458333333      -0.333378728999383     
   1.20333166666667        1.80399750000000      -0.334050953467173     
   1.20333166666667        2.10433041666667      -0.332741607318512     
   1.20333166666667        2.40466333333333      -0.329061774708339     
   1.20333166666667        2.70499625000000      -0.322704824183600     
   1.20333166666667        3.00532916666667      -0.313446056810073     
   1.20333166666667        3.30566208333333      -0.301345300285023     
   1.20333166666667        3.60599500000000      -0.287193452722194     
   1.20333166666667        3.90632791666667      -0.272410743705886     
   1.20333166666667        4.20666083333333      -0.258176543848150     
   1.20333166666667        4.50699375000000      -0.245078268331685     
   1.20333166666667        4.80732666666667      -0.233271211850679     
   1.20333166666667        5.10765958333333      -0.222579121166972     
   1.20333166666667        5.40799250000000      -0.212683764881919     
   1.20333166666667        5.70832541666667      -0.203423733286212     
   1.20333166666667        6.00865833333333      -0.194685941456849     
   1.20333166666667        6.30899125000000      -0.186505789109379     
   1.20333166666667        6.60932416666667      -0.178960182956740     
   1.20333166666667        6.90965708333333      -0.172063031786225     
   1.20333166666667        7.20999000000000      -0.165128048119150     
   1.50366458333333       2.000000000000000E-003 -0.306501143930609     
   1.50366458333333       0.302332916666667      -0.321163574208927     
   1.50366458333333       0.602665833333333      -0.334070061499626     
   1.50366458333333       0.902998750000000      -0.345494364490939     
   1.50366458333333        1.20333166666667      -0.354531747372499     
   1.50366458333333        1.50366458333333      -0.360124923187762     
   1.50366458333333        1.80399750000000      -0.362093549514474     
   1.50366458333333        2.10433041666667      -0.360316788642836     
   1.50366458333333        2.40466333333333      -0.355008967127772     
   1.50366458333333        2.70499625000000      -0.346555524527335     
   1.50366458333333        3.00532916666667      -0.335247081617556     
   1.50366458333333        3.30566208333333      -0.321346290113662     
   1.50366458333333        3.60599500000000      -0.305418670306741     
   1.50366458333333        3.90632791666667      -0.288502149958189     
   1.50366458333333        4.20666083333333      -0.271855399386480     
   1.50366458333333        4.50699375000000      -0.256501949202058     
   1.50366458333333        4.80732666666667      -0.242884434323755     
   1.50366458333333        5.10765958333333      -0.230806723428403     
   1.50366458333333        5.40799250000000      -0.219725664123006     
   1.50366458333333        5.70832541666667      -0.209203787196106     
   1.50366458333333        6.00865833333333      -0.199169402666433     
   1.50366458333333        6.30899125000000      -0.189739058048973     
   1.50366458333333        6.60932416666667      -0.181130864351530     
   1.50366458333333        6.90965708333333      -0.173395934602871     
   1.50366458333333        7.20999000000000      -0.166334956899754     
   1.80399750000000       2.000000000000000E-003 -0.321617963531119     
   1.80399750000000       0.302332916666667      -0.339526485711310     
   1.80399750000000       0.602665833333333      -0.356683466612673     
   1.80399750000000       0.902998750000000      -0.372567762005305     
   1.80399750000000        1.20333166666667      -0.385487191830925     
   1.80399750000000        1.50366458333333      -0.393675943725125     
   1.80399750000000        1.80399750000000      -0.395947350320473     
   1.80399750000000        2.10433041666667      -0.392269570191069     
   1.80399750000000        2.40466333333333      -0.383715839763263     
   1.80399750000000        2.70499625000000      -0.371741288597044     
   1.80399750000000        3.00532916666667      -0.357408026346789     
   1.80399750000000        3.30566208333333      -0.341172863410426     
   1.80399750000000        3.60599500000000      -0.323300989484859     
   1.80399750000000        3.90632791666667      -0.304406265222106     
   1.80399750000000        4.20666083333333      -0.285581841517536     
   1.80399750000000        4.50699375000000      -0.268020172090623     
   1.80399750000000        4.80732666666667      -0.252441376207564     
   1.80399750000000        5.10765958333333      -0.238788662669602     
   1.80399750000000        5.40799250000000      -0.226437186401024     
   1.80399750000000        5.70832541666667      -0.214741973951973     
   1.80399750000000        6.00865833333333      -0.203484118780146     
   1.80399750000000        6.30899125000000      -0.192891522653587     
   1.80399750000000        6.60932416666667      -0.183313077330617     
   1.80399750000000        6.90965708333333      -0.174895423080190     
   1.80399750000000        7.20999000000000      -0.167515898542677     
   2.10433041666667       2.000000000000000E-003 -0.345719775472591     
   2.10433041666667       0.302332916666667      -0.367089153818303     
   2.10433041666667       0.602665833333333      -0.388364952999547     
   2.10433041666667       0.902998750000000      -0.408658549376748     
   2.10433041666667        1.20333166666667      -0.425421011738632     
   2.10433041666667        1.50366458333333      -0.435551374375077     
   2.10433041666667        1.80399750000000      -0.436937309436227     
   2.10433041666667        2.10433041666667      -0.429638657769686     
   2.10433041666667        2.40466333333333      -0.415799125897465     
   2.10433041666667        2.70499625000000      -0.398347253339534     
   2.10433041666667        3.00532916666667      -0.379487266894891     
   2.10433041666667        3.30566208333333      -0.360042357979580     
   2.10433041666667        3.60599500000000      -0.339941553086997     
   2.10433041666667        3.90632791666667      -0.319192446174308     
   2.10433041666667        4.20666083333333      -0.298458597940668     
   2.10433041666667        4.50699375000000      -0.278882071108122     
   2.10433041666667        4.80732666666667      -0.261396774260700     
   2.10433041666667        5.10765958333333      -0.246157808748366     
   2.10433041666667        5.40799250000000      -0.232571270653427     
   2.10433041666667        5.70832541666667      -0.219857801482352     
   2.10433041666667        6.00865833333333      -0.207652277761480     
   2.10433041666667        6.30899125000000      -0.196167769558438     
   2.10433041666667        6.60932416666667      -0.185858025975529     
   2.10433041666667        6.90965708333333      -0.176933350614675     
   2.10433041666667        7.20999000000000      -0.169147648598839     
   2.40466333333333       2.000000000000000E-003 -0.379585678107682     
   2.40466333333333       0.302332916666667      -0.404900374090898     
   2.40466333333333       0.602665833333333      -0.430310825727419     
   2.40466333333333       0.902998750000000      -0.454454475104551     
   2.40466333333333        1.20333166666667      -0.474087703927440     
   2.40466333333333        1.50366458333333      -0.485107983563390     
   2.40466333333333        1.80399750000000      -0.484380006604141     
   2.40466333333333        2.10433041666667      -0.471884282993980     
   2.40466333333333        2.40466333333333      -0.450892225550169     
   2.40466333333333        2.70499625000000      -0.426081431934275     
   2.40466333333333        3.00532916666667      -0.401133781303891     
   2.40466333333333        3.30566208333333      -0.377468272468446     
   2.40466333333333        3.60599500000000      -0.354716907793238     
   2.40466333333333        3.90632791666667      -0.332146643661824     
   2.40466333333333        4.20666083333333      -0.309766102298831     
   2.40466333333333        4.50699375000000      -0.288461593381347     
   2.40466333333333        4.80732666666667      -0.269275599322196     
   2.40466333333333        5.10765958333333      -0.252582948316574     
   2.40466333333333        5.40799250000000      -0.237892597130284     
   2.40466333333333        5.70832541666667      -0.224356774731054     
   2.40466333333333        6.00865833333333      -0.211479828316368     
   2.40466333333333        6.30899125000000      -0.199421755901067     
   2.40466333333333        6.60932416666667      -0.188690061839553     
   2.40466333333333        6.90965708333333      -0.179522599113201     
   2.40466333333333        7.20999000000000      -0.171534078028144     
   2.70499625000000       2.000000000000000E-003 -0.424993168933417     
   2.70499625000000       0.302332916666667      -0.454398468573304     
   2.70499625000000       0.602665833333333      -0.484022525620247     
   2.70499625000000       0.902998750000000      -0.510271821128300     
   2.70499625000000        1.20333166666667      -0.528917321054413     
   2.70499625000000        1.50366458333333      -0.538567511191852     
   2.70499625000000        1.80399750000000      -0.534445915389419     
   2.70499625000000        2.10433041666667      -0.515770578373386     
   2.70499625000000        2.40466333333333      -0.486627007828940     
   2.70499625000000        2.70499625000000      -0.453415235258944     
   2.70499625000000        3.00532916666667      -0.421435692445144     
   2.70499625000000        3.30566208333333      -0.392885782461701     
   2.70499625000000        3.60599500000000      -0.367185574200640     
   2.70499625000000        3.90632791666667      -0.342815988153862     
   2.70499625000000        4.20666083333333      -0.319024650246939     
   2.70499625000000        4.50699375000000      -0.296313832735228     
   2.70499625000000        4.80732666666667      -0.275724542294908     
   2.70499625000000        5.10765958333333      -0.257810692089969     
   2.70499625000000        5.40799250000000      -0.242211908202696     
   2.70499625000000        5.70832541666667      -0.228060791935391     
   2.70499625000000        6.00865833333333      -0.214758719454465     
   2.70499625000000        6.30899125000000      -0.202419150598208     
   2.70499625000000        6.60932416666667      -0.191644615872995     
   2.70499625000000        6.90965708333333      -0.182637670313996     
   2.70499625000000        7.20999000000000      -0.174726224897653     
   3.00532916666667       2.000000000000000E-003 -0.474330209357105     
   3.00532916666667       0.302332916666667      -0.507446253319533     
   3.00532916666667       0.602665833333333      -0.540716037943916     
   3.00532916666667       0.902998750000000      -0.570727914599842     
   3.00532916666667        1.20333166666667      -0.584245287687664     
   3.00532916666667        1.50366458333333      -0.588662475398484     
   3.00532916666667        1.80399750000000      -0.580093408079649     
   3.00532916666667        2.10433041666667      -0.555299851662534     
   3.00532916666667        2.40466333333333      -0.518457201125892     
   3.00532916666667        2.70499625000000      -0.477313717422426     
   3.00532916666667        3.00532916666667      -0.438633365346176     
   3.00532916666667        3.30566208333333      -0.405409426214451     
   3.00532916666667        3.60599500000000      -0.376915116582637     
   3.00532916666667        3.90632791666667      -0.350903831698004     
   3.00532916666667        4.20666083333333      -0.325937492018625     
   3.00532916666667        4.50699375000000      -0.302146237934303     
   3.00532916666667        4.80732666666667      -0.280499256942288     
   3.00532916666667        5.10765958333333      -0.261661975644330     
   3.00532916666667        5.40799250000000      -0.245388903063002     
   3.00532916666667        5.70832541666667      -0.230815192620413     
   3.00532916666667        6.00865833333333      -0.217259037562267     
   3.00532916666667        6.30899125000000      -0.204832303248939     
   3.00532916666667        6.60932416666667      -0.194196396048470     
   3.00532916666667        6.90965708333333      -0.185579160159744     
   3.00532916666667        7.20999000000000      -0.178036007938294     
   3.30566208333333       2.000000000000000E-003 -0.506165787875437     
   3.30566208333333       0.302332916666667      -0.544494024164894     
   3.30566208333333       0.602665833333333      -0.583630406197010     
   3.30566208333333       0.902998750000000      -0.617645425767517     
   3.30566208333333        1.20333166666667      -0.629126162559974     
   3.30566208333333        1.50366458333333      -0.625436511000595     
   3.30566208333333        1.80399750000000      -0.612576463975514     
   3.30566208333333        2.10433041666667      -0.583145210987704     
   3.30566208333333        2.40466333333333      -0.540741053130531     
   3.30566208333333        2.70499625000000      -0.493896378753461     
   3.30566208333333        3.00532916666667      -0.450393664008852     
   3.30566208333333        3.30566208333333      -0.413818833239070     
   3.30566208333333        3.60599500000000      -0.383318788826521     
   3.30566208333333        3.90632791666667      -0.356087961490140     
   3.30566208333333        4.20666083333333      -0.330262630888732     
   3.30566208333333        4.50699375000000      -0.305747388906596     
   3.30566208333333        4.80732666666667      -0.283428630638674     
   3.30566208333333        5.10765958333333      -0.264014844169347     
   3.30566208333333        5.40799250000000      -0.247327749482249     
   3.30566208333333        5.70832541666667      -0.232504163238095     
   3.30566208333333        6.00865833333333      -0.218782718270452     
   3.30566208333333        6.30899125000000      -0.206320449735917     
   3.30566208333333        6.60932416666667      -0.195616137888154     
   3.30566208333333        6.90965708333333      -0.187164758141754     
   3.30566208333333        7.20999000000000      -0.179979716958329     
   3.60599500000000       2.000000000000000E-003 -0.506083907326474     
   3.60599500000000       0.302332916666667      -0.553518323503151     
   3.60599500000000       0.602665833333333      -0.598635460497560     
   3.60599500000000       0.902998750000000      -0.635241017880864     
   3.60599500000000        1.20333166666667      -0.646559958230572     
   3.60599500000000        1.50366458333333      -0.639122203040964     
   3.60599500000000        1.80399750000000      -0.624396571798947     
   3.60599500000000        2.10433041666667      -0.593214317694750     
   3.60599500000000        2.40466333333333      -0.548774956980109     
   3.60599500000000        2.70499625000000      -0.499854673107048     
   3.60599500000000        3.00532916666667      -0.454602315512594     
   3.60599500000000        3.30566208333333      -0.416824376244560     
   3.60599500000000        3.60599500000000      -0.385604115628227     
   3.60599500000000        3.90632791666667      -0.357905157554404     
   3.60599500000000        4.20666083333333      -0.331743575684249     
   3.60599500000000        4.50699375000000      -0.306962839196189     
   3.60599500000000        4.80732666666667      -0.284410923720731     
   3.60599500000000        5.10765958333333      -0.264801867369896     
   3.60599500000000        5.40799250000000      -0.247976391479603     
   3.60599500000000        5.70832541666667      -0.233070006360345     
   3.60599500000000        6.00865833333333      -0.219291071925629     
   3.60599500000000        6.30899125000000      -0.206794381258912     
   3.60599500000000        6.60932416666667      -0.195949031824266     
   3.60599500000000        6.90965708333333      -0.187461792768260     
   3.60599500000000        7.20999000000000      -0.181256026254764     
   3.90632791666667       2.000000000000000E-003 -0.506169258346039     
   3.90632791666667       0.302332916666667      -0.544334260741191     
   3.90632791666667       0.602665833333333      -0.583478384798674     
   3.90632791666667       0.902998750000000      -0.617549709349912     
   3.90632791666667        1.20333166666667      -0.629076663312986     
   3.90632791666667        1.50366458333333      -0.625411237783510     
   3.90632791666667        1.80399750000000      -0.612561810529775     
   3.90632791666667        2.10433041666667      -0.583135842392370     
   3.90632791666667        2.40466333333333      -0.540733802417619     
   3.90632791666667        2.70499625000000      -0.493889056010020     
   3.90632791666667        3.00532916666667      -0.450384866792462     
   3.90632791666667        3.30566208333333      -0.413808015385170     
   3.90632791666667        3.60599500000000      -0.383305996369406     
   3.90632791666667        3.90632791666667      -0.356073775103793     
   3.90632791666667        4.20666083333333      -0.330247892439885     
   3.90632791666667        4.50699375000000      -0.305732954166063     
   3.90632791666667        4.80732666666667      -0.283415369572907     
   3.90632791666667        5.10765958333333      -0.264003512431583     
   3.90632791666667        5.40799250000000      -0.247319110241737     
   3.90632791666667        5.70832541666667      -0.232499247430288     
   3.90632791666667        6.00865833333333      -0.218783770076604     
   3.90632791666667        6.30899125000000      -0.206331281681622     
   3.90632791666667        6.60932416666667      -0.195639470738598     
   3.90632791666667        6.90965708333333      -0.187196689864798     
   3.90632791666667        7.20999000000000      -0.180007890896649     
   4.20666083333333       2.000000000000000E-003 -0.474341675770227     
   4.20666083333333       0.302332916666667      -0.507304209231013     
   4.20666083333333       0.602665833333333      -0.540547889850789     
   4.20666083333333       0.902998750000000      -0.570608035707872     
   4.20666083333333        1.20333166666667      -0.584179505624592     
   4.20666083333333        1.50366458333333      -0.588625928412655     
   4.20666083333333        1.80399750000000      -0.580071438211900     
   4.20666083333333        2.10433041666667      -0.555284760773848     
   4.20666083333333        2.40466333333333      -0.518443824895661     
   4.20666083333333        2.70499625000000      -0.477298600207831     
   4.20666083333333        3.00532916666667      -0.438614600711885     
   4.20666083333333        3.30566208333333      -0.405386635475513     
   4.20666083333333        3.60599500000000      -0.376888887319510     
   4.20666083333333        3.90632791666667      -0.350875291438204     
   4.20666083333333        4.20666083333333      -0.325907929806690     
   4.20666083333333        4.50699375000000      -0.302117018028405     
   4.20666083333333        4.80732666666667      -0.280471768255901     
   4.20666083333333        5.10765958333333      -0.261637671482444     
   4.20666083333333        5.40799250000000      -0.245369245352643     
   4.20666083333333        5.70832541666667      -0.230801964050258     
   4.20666083333333        6.00865833333333      -0.217255302763191     
   4.20666083333333        6.30899125000000      -0.204843545320346     
   4.20666083333333        6.60932416666667      -0.194225907289469     
   4.20666083333333        6.90965708333333      -0.185623516168217     
   4.20666083333333        7.20999000000000      -0.178082970985580     
   4.50699375000000       2.000000000000000E-003 -0.425009872955656     
   4.50699375000000       0.302332916666667      -0.454319556537478     
   4.50699375000000       0.602665833333333      -0.483912033056425     
   4.50699375000000       0.902998750000000      -0.510186038170521     
   4.50699375000000        1.20333166666667      -0.528864311566065     
   4.50699375000000        1.50366458333333      -0.538535809537564     
   4.50699375000000        1.80399750000000      -0.534425566765647     
   4.50699375000000        2.10433041666667      -0.515753652204495     
   4.50699375000000        2.40466333333333      -0.486607684528875     
   4.50699375000000        2.70499625000000      -0.453390206173251     
   4.50699375000000        3.00532916666667      -0.421404180881695     
   4.50699375000000        3.30566208333333      -0.392848828010034     
   4.50699375000000        3.60599500000000      -0.367144781092111     
   4.50699375000000        3.90632791666667      -0.342772850175944     
   4.50699375000000        4.20666083333333      -0.318980312493131     
   4.50699375000000        4.50699375000000      -0.296269408017030     
   4.50699375000000        4.80732666666667      -0.275681535318902     
   4.50699375000000        5.10765958333333      -0.257771032843281     
   4.50699375000000        5.40799250000000      -0.242177781366953     
   4.50699375000000        5.70832541666667      -0.228034580750641     
   4.50699375000000        6.00865833333333      -0.214743267998337     
   4.50699375000000        6.30899125000000      -0.202418554020527     
   4.50699375000000        6.60932416666667      -0.191662120218114     
   4.50699375000000        6.90965708333333      -0.182669796725306     
   4.50699375000000        7.20999000000000      -0.174763295494574     
   4.80732666666667       2.000000000000000E-003 -0.379598510682996     
   4.80732666666667       0.302332916666667      -0.404865560736897     
   4.80732666666667       0.602665833333333      -0.430257444398430     
   4.80732666666667       0.902998750000000      -0.454408419913854     
   4.80732666666667        1.20333166666667      -0.474057014534981     
   4.80732666666667        1.50366458333333      -0.485089240198298     
   4.80732666666667        1.80399750000000      -0.484365297095775     
   4.80732666666667        2.10433041666667      -0.471865419173942     
   4.80732666666667        2.40466333333333      -0.450863649044564     
   4.80732666666667        2.70499625000000      -0.426041621229991     
   4.80732666666667        3.00532916666667      -0.401084790440535     
   4.80732666666667        3.30566208333333      -0.377413790046674     
   4.80732666666667        3.60599500000000      -0.354660131872298     
   4.80732666666667        3.90632791666667      -0.332088935367806     
   4.80732666666667        4.20666083333333      -0.309707539213698     
   4.80732666666667        4.50699375000000      -0.288402147303410     
   4.80732666666667        4.80732666666667      -0.269216301878291     
   4.80732666666667        5.10765958333333      -0.252526148813556     
   4.80732666666667        5.40799250000000      -0.237841383392392     
   4.80732666666667        5.70832541666667      -0.224314174206829     
   4.80732666666667        6.00865833333333      -0.211448463397059     
   4.80732666666667        6.30899125000000      -0.199403826979700     
   4.80732666666667        6.60932416666667      -0.188686901797502     
   4.80732666666667        6.90965708333333      -0.179532805444586     
   4.80732666666667        7.20999000000000      -0.171551897406995     
   5.10765958333333       2.000000000000000E-003 -0.345719707761598     
   5.10765958333333       0.302332916666667      -0.367068475438398     
   5.10765958333333       0.602665833333333      -0.388336982740184     
   5.10765958333333       0.902998750000000      -0.408636021529727     
   5.10765958333333        1.20333166666667      -0.425408127168565     
   5.10765958333333        1.50366458333333      -0.435543350342385     
   5.10765958333333        1.80399750000000      -0.436924553172448     
   5.10765958333333        2.10433041666667      -0.429611902909937     
   5.10765958333333        2.40466333333333      -0.415753717198606     
   5.10765958333333        2.70499625000000      -0.398284821881928     
   5.10765958333333        3.00532916666667      -0.379414301217794     
   5.10765958333333        3.30566208333333      -0.359966482639583     
   5.10765958333333        3.60599500000000      -0.339867604535124     
   5.10765958333333        3.90632791666667      -0.319120933873248     
   5.10765958333333        4.20666083333333      -0.298387231111526     
   5.10765958333333        4.50699375000000      -0.278808702320584     
   5.10765958333333        4.80732666666667      -0.261321640672459     
   5.10765958333333        5.10765958333333      -0.246083822067962     
   5.10765958333333        5.40799250000000      -0.232502626094801     
   5.10765958333333        5.70832541666667      -0.219798331355755     
   5.10765958333333        6.00865833333333      -0.207604545690262     
   5.10765958333333        6.30899125000000      -0.196133146468433     
   5.10765958333333        6.60932416666667      -0.185836670665971     
   5.10765958333333        6.90965708333333      -0.176924305764451     
   5.10765958333333        7.20999000000000      -0.169148689944021     
   5.40799250000000       2.000000000000000E-003 -0.321603609251158     
   5.40799250000000       0.302332916666667      -0.339495833728524     
   5.40799250000000       0.602665833333333      -0.356656372553346     
   5.40799250000000       0.902998750000000      -0.372552071078677     
   5.40799250000000        1.20333166666667      -0.385481234967930     
   5.40799250000000        1.50366458333333      -0.393669770654626     
   5.40799250000000        1.80399750000000      -0.395927368578070     
   5.40799250000000        2.10433041666667      -0.392224868027946     
   5.40799250000000        2.40466333333333      -0.383643118851410     
   5.40799250000000        2.70499625000000      -0.371646498209760     
   5.40799250000000        3.00532916666667      -0.357303640631874     
   5.40799250000000        3.30566208333333      -0.341071680181924     
   5.40799250000000        3.60599500000000      -0.323209678672089     
   5.40799250000000        3.90632791666667      -0.304323079920773     
   5.40799250000000        4.20666083333333      -0.285500305481883     
   5.40799250000000        4.50699375000000      -0.267935024176782     
   5.40799250000000        4.80732666666667      -0.252352207837201     
   5.40799250000000        5.10765958333333      -0.238699468324789     
   5.40799250000000        5.40799250000000      -0.226353650967523     
   5.40799250000000        5.70832541666667      -0.214668616616828     
   5.40799250000000        6.00865833333333      -0.203423022153850     
   5.40799250000000        6.30899125000000      -0.192843338580049     
   5.40799250000000        6.60932416666667      -0.183277687033584     
   5.40799250000000        6.90965708333333      -0.174872961301591     
   5.40799250000000        7.20999000000000      -0.167499966666073     
   5.70832541666667       2.000000000000000E-003 -0.306463282540792     
   5.70832541666667       0.302332916666667      -0.321103203989951     
   5.70832541666667       0.602665833333333      -0.334023342237780     
   5.70832541666667       0.902998750000000      -0.345470258461009     
   5.70832541666667        1.20333166666667      -0.354523083153749     
   5.70832541666667        1.50366458333333      -0.360112119238883     
   5.70832541666667        1.80399750000000      -0.362057136436320     
   5.70832541666667        2.10433041666667      -0.360244004944015     
   5.70832541666667        2.40466333333333      -0.354898035143140     
   5.70832541666667        2.70499625000000      -0.346417364738291     
   5.70832541666667        3.00532916666667      -0.335102144864688     
   5.70832541666667        3.30566208333333      -0.321215500522630     
   5.70832541666667        3.60599500000000      -0.305311810408073     
   5.70832541666667        3.90632791666667      -0.288412333222041     
   5.70832541666667        4.20666083333333      -0.271768061436488     
   5.70832541666667        4.50699375000000      -0.256407717541367     
   5.70832541666667        4.80732666666667      -0.242783468556954     
   5.70832541666667        5.10765958333333      -0.230705616080264     
   5.70832541666667        5.40799250000000      -0.219632246516108     
   5.70832541666667        5.70832541666667      -0.209122839265547     
   5.70832541666667        6.00865833333333      -0.199101190006325     
   5.70832541666667        6.30899125000000      -0.189682335573183     
   5.70832541666667        6.60932416666667      -0.181086666793237     
   5.70832541666667        6.90965708333333      -0.173365747781053     
   5.70832541666667        7.20999000000000      -0.166306621597579     
   6.00865833333333       2.000000000000000E-003 -0.299180406184340     
   6.00865833333333       0.302332916666667      -0.309794417148117     
   6.00865833333333       0.602665833333333      -0.317670892397379     
   6.00865833333333       0.902998750000000      -0.324723181882805     
   6.00865833333333        1.20333166666667      -0.330415123704084     
   6.00865833333333        1.50366458333333      -0.333357913042661     
   6.00865833333333        1.80399750000000      -0.333994652741989     
   6.00865833333333        2.10433041666667      -0.332634579902296     
   6.00865833333333        2.40466333333333      -0.328902946318581     
   6.00865833333333        2.70499625000000      -0.322508782370660     
   6.00865833333333        3.00532916666667      -0.313243619313061     
   6.00865833333333        3.30566208333333      -0.301175312842266     
   6.00865833333333        3.60599500000000      -0.287082261000964     
   6.00865833333333        3.90632791666667      -0.272327576189372     
   6.00865833333333        4.20666083333333      -0.258091045139397     
   6.00865833333333        4.50699375000000      -0.244976506355118     
   6.00865833333333        4.80732666666667      -0.233159032901951     
   6.00865833333333        5.10765958333333      -0.222469067331540     
   6.00865833333333        5.40799250000000      -0.212586945494253     
   6.00865833333333        5.70832541666667      -0.203344980507559     
   6.00865833333333        6.00865833333333      -0.194630819895294     
   6.00865833333333        6.30899125000000      -0.186452470919826     
   6.00865833333333        6.60932416666667      -0.178914330550144     
   6.00865833333333        6.90965708333333      -0.172028874613945     
   6.00865833333333        7.20999000000000      -0.165105256507453     
   6.30899125000000       2.000000000000000E-003 -0.297830346489087     
   6.30899125000000       0.302332916666667      -0.302213062408317     
   6.30899125000000       0.602665833333333      -0.303442372593569     
   6.30899125000000       0.902998750000000      -0.306945777409157     
   6.30899125000000        1.20333166666667      -0.309757331612546     
   6.30899125000000        1.50366458333333      -0.310621919630350     
   6.30899125000000        1.80399750000000      -0.309816492904070     
   6.30899125000000        2.10433041666667      -0.308099729297193     
   6.30899125000000        2.40466333333333      -0.305124061686125     
   6.30899125000000        2.70499625000000      -0.300253722099389     
   6.30899125000000        3.00532916666667      -0.292640728755088     
   6.30899125000000        3.30566208333333      -0.281839602103901     
   6.30899125000000        3.60599500000000      -0.269276668684288     
   6.30899125000000        3.90632791666667      -0.257041090184633     
   6.30899125000000        4.20666083333333      -0.245488225853981     
   6.30899125000000        4.50699375000000      -0.234411929963252     
   6.30899125000000        4.80732666666667      -0.223987983998151     
   6.30899125000000        5.10765958333333      -0.214306400367002     
   6.30899125000000        5.40799250000000      -0.205405776607885     
   6.30899125000000        5.70832541666667      -0.197344238980793     
   6.30899125000000        6.00865833333333      -0.189912676137542     
   6.30899125000000        6.30899125000000      -0.182929213960608     
   6.30899125000000        6.60932416666667      -0.176392076632436     
   6.30899125000000        6.90965708333333      -0.170444541322953     
   6.30899125000000        7.20999000000000      -0.164153901902133     
   6.60932416666667       2.000000000000000E-003 -0.298155421389905     
   6.60932416666667       0.302332916666667      -0.291025204102731     
   6.60932416666667       0.602665833333333      -0.287062944147166     
   6.60932416666667       0.902998750000000      -0.290086167959272     
   6.60932416666667        1.20333166666667      -0.291232884630231     
   6.60932416666667        1.50366458333333      -0.290094780084969     
   6.60932416666667        1.80399750000000      -0.287992036994352     
   6.60932416666667        2.10433041666667      -0.285866648287442     
   6.60932416666667        2.40466333333333      -0.283546252846612     
   6.60932416666667        2.70499625000000      -0.280319415820752     
   6.60932416666667        3.00532916666667      -0.274464233137287     
   6.60932416666667        3.30566208333333      -0.264750671249312     
   6.60932416666667        3.60599500000000      -0.253611819122911     
   6.60932416666667        3.90632791666667      -0.244480894874292     
   6.60932416666667        4.20666083333333      -0.235615985401113     
   6.60932416666667        4.50699375000000      -0.225638135889404     
   6.60932416666667        4.80732666666667      -0.215620541890289     
   6.60932416666667        5.10765958333333      -0.206387816656427     
   6.60932416666667        5.40799250000000      -0.198174151557793     
   6.60932416666667        5.70832541666667      -0.191146788839332     
   6.60932416666667        6.00865833333333      -0.184976404967737     
   6.60932416666667        6.30899125000000      -0.179238149309192     
   6.60932416666667        6.60932416666667      -0.173525220905392     
   6.60932416666667        6.90965708333333      -0.168180507752103     
   6.60932416666667        7.20999000000000      -0.162933702683460     
   6.90965708333333       2.000000000000000E-003 -0.283718374474566     
   6.90965708333333       0.302332916666667      -0.271196752159490     
   6.90965708333333       0.602665833333333      -0.273323421339298     
   6.90965708333333       0.902998750000000      -0.276080435660234     
   6.90965708333333        1.20333166666667      -0.274388177595313     
   6.90965708333333        1.50366458333333      -0.271126905795685     
   6.90965708333333        1.80399750000000      -0.267973843531554     
   6.90965708333333        2.10433041666667      -0.265739746636159     
   6.90965708333333        2.40466333333333      -0.264295261801201     
   6.90965708333333        2.70499625000000      -0.263029871247558     
   6.90965708333333        3.00532916666667      -0.259957681646709     
   6.90965708333333        3.30566208333333      -0.252715184531442     
   6.90965708333333        3.60599500000000      -0.243422956650941     
   6.90965708333333        3.90632791666667      -0.237053359516467     
   6.90965708333333        4.20666083333333      -0.229293187527291     
   6.90965708333333        4.50699375000000      -0.218733037255315     
   6.90965708333333        4.80732666666667      -0.207987029469695     
   6.90965708333333        5.10765958333333      -0.198661247284354     
   6.90965708333333        5.40799250000000      -0.190937506309432     
   6.90965708333333        5.70832541666667      -0.184842245244620     
   6.90965708333333        6.00865833333333      -0.179988084927852     
   6.90965708333333        6.30899125000000      -0.175907045006681     
   6.90965708333333        6.60932416666667      -0.171548157297558     
   6.90965708333333        6.90965708333333      -0.166022474991074     
   6.90965708333333        7.20999000000000      -0.161735851630208     
   7.20999000000000       2.000000000000000E-003 -0.255958070909466     
   7.20999000000000       0.302332916666667      -0.267226614310452     
   7.20999000000000       0.602665833333333      -0.268104494600460     
   7.20999000000000       0.902998750000000      -0.263474430182290     
   7.20999000000000        1.20333166666667      -0.258193445832384     
   7.20999000000000        1.50366458333333      -0.253519082091497     
   7.20999000000000        1.80399750000000      -0.249804971161408     
   7.20999000000000        2.10433041666667      -0.247718824541692     
   7.20999000000000        2.40466333333333      -0.247021801356137     
   7.20999000000000        2.70499625000000      -0.247481408411316     
   7.20999000000000        3.00532916666667      -0.247370675303302     
   7.20999000000000        3.30566208333333      -0.243441941439819     
   7.20999000000000        3.60599500000000      -0.236536274294009     
   7.20999000000000        3.90632791666667      -0.230616280885390     
   7.20999000000000        4.20666083333333      -0.222693581601611     
   7.20999000000000        4.50699375000000      -0.211349326994163     
   7.20999000000000        4.80732666666667      -0.200152023774692     
   7.20999000000000        5.10765958333333      -0.190870493887427     
   7.20999000000000        5.40799250000000      -0.183685864499257     
   7.20999000000000        5.70832541666667      -0.178317750564014     
   7.20999000000000        6.00865833333333      -0.174559505745214     
   7.20999000000000        6.30899125000000      -0.172115733956244     
   7.20999000000000        6.60932416666667      -0.170123447390223     
   7.20999000000000        6.90965708333333      -0.165678280034667     
   7.20999000000000        7.20999000000000      -0.158240588922924     
