  2.000000000000000E-003  2.000000000000000E-003 -0.202164342357655     
  2.000000000000000E-003  0.302332916666667      -0.213973181789041     
  2.000000000000000E-003  0.602665833333333      -0.219077357333856     
  2.000000000000000E-003  0.902998750000000      -0.218758681589034     
  2.000000000000000E-003   1.20333166666667      -0.218519297467343     
  2.000000000000000E-003   1.50366458333333      -0.219772323792354     
  2.000000000000000E-003   1.80399750000000      -0.223046502832336     
  2.000000000000000E-003   2.10433041666667      -0.228577372743011     
  2.000000000000000E-003   2.40466333333333      -0.236395795765946     
  2.000000000000000E-003   2.70499625000000      -0.246308684626513     
  2.000000000000000E-003   3.00532916666667      -0.255308776647975     
  2.000000000000000E-003   3.30566208333333      -0.257580439980167     
  2.000000000000000E-003   3.60599500000000      -0.255169873461454     
  2.000000000000000E-003   3.90632791666667      -0.257556734676823     
  2.000000000000000E-003   4.20666083333333      -0.255270850590059     
  2.000000000000000E-003   4.50699375000000      -0.246280181457514     
  2.000000000000000E-003   4.80732666666667      -0.236383133043996     
  2.000000000000000E-003   5.10765958333333      -0.228576465467913     
  2.000000000000000E-003   5.40799250000000      -0.223049566685136     
  2.000000000000000E-003   5.70832541666667      -0.219777898021121     
  2.000000000000000E-003   6.00865833333333      -0.218529610728673     
  2.000000000000000E-003   6.30899125000000      -0.218771775179986     
  2.000000000000000E-003   6.60932416666667      -0.219098927632907     
  2.000000000000000E-003   6.90965708333333      -0.213991609520368     
  2.000000000000000E-003   7.20999000000000      -0.202161389969156     
  0.302332916666667       2.000000000000000E-003 -0.213967779082817     
  0.302332916666667       0.302332916666667      -0.213700860520233     
  0.302332916666667       0.602665833333333      -0.220806857156366     
  0.302332916666667       0.902998750000000      -0.225716124876800     
  0.302332916666667        1.20333166666667      -0.228484213887674     
  0.302332916666667        1.50366458333333      -0.231550472696954     
  0.302332916666667        1.80399750000000      -0.235967989953058     
  0.302332916666667        2.10433041666667      -0.242222428611423     
  0.302332916666667        2.40466333333333      -0.250014050896961     
  0.302332916666667        2.70499625000000      -0.258616407921025     
  0.302332916666667        3.00532916666667      -0.264710144200147     
  0.302332916666667        3.30566208333333      -0.263887828366510     
  0.302332916666667        3.60599500000000      -0.260255454175105     
  0.302332916666667        3.90632791666667      -0.263771564436562     
  0.302332916666667        4.20666083333333      -0.264589769755140     
  0.302332916666667        4.50699375000000      -0.258537522359378     
  0.302332916666667        4.80732666666667      -0.249977289806343     
  0.302332916666667        5.10765958333333      -0.242213099509891     
  0.302332916666667        5.40799250000000      -0.235973231938358     
  0.302332916666667        5.70832541666667      -0.231560721324811     
  0.302332916666667        6.00865833333333      -0.228493430233016     
  0.302332916666667        6.30899125000000      -0.225724701975667     
  0.302332916666667        6.60932416666667      -0.220820797440563     
  0.302332916666667        6.90965708333333      -0.213705821090086     
  0.302332916666667        7.20999000000000      -0.213986464760124     
  0.602665833333333       2.000000000000000E-003 -0.219044590485434     
  0.602665833333333       0.302332916666667      -0.220807909541878     
  0.602665833333333       0.602665833333333      -0.225199388490064     
  0.602665833333333       0.902998750000000      -0.232149395369396     
  0.602665833333333        1.20333166666667      -0.238080125521441     
  0.602665833333333        1.50366458333333      -0.243635395139961     
  0.602665833333333        1.80399750000000      -0.249842387946398     
  0.602665833333333        2.10433041666667      -0.257167814558586     
  0.602665833333333        2.40466333333333      -0.265018828415405     
  0.602665833333333        2.70499625000000      -0.272332011592056     
  0.602665833333333        3.00532916666667      -0.276361644226337     
  0.602665833333333        3.30566208333333      -0.275068822346341     
  0.602665833333333        3.60599500000000      -0.272787953165692     
  0.602665833333333        3.90632791666667      -0.274965022174522     
  0.602665833333333        4.20666083333333      -0.276239988557782     
  0.602665833333333        4.50699375000000      -0.272246766813314     
  0.602665833333333        4.80732666666667      -0.264978917276145     
  0.602665833333333        5.10765958333333      -0.257158163066084     
  0.602665833333333        5.40799250000000      -0.249851580549888     
  0.602665833333333        5.70832541666667      -0.243651881280658     
  0.602665833333333        6.00865833333333      -0.238093837686822     
  0.602665833333333        6.30899125000000      -0.232156593624664     
  0.602665833333333        6.60932416666667      -0.225200993997863     
  0.602665833333333        6.90965708333333      -0.220821261267527     
  0.602665833333333        7.20999000000000      -0.219067321985785     
  0.902998750000000       2.000000000000000E-003 -0.218738047517713     
  0.902998750000000       0.302332916666667      -0.225717300042294     
  0.902998750000000       0.602665833333333      -0.232150656773565     
  0.902998750000000       0.902998750000000      -0.240163814527386     
  0.902998750000000        1.20333166666667      -0.248329506833496     
  0.902998750000000        1.50366458333333      -0.256449918998737     
  0.902998750000000        1.80399750000000      -0.264940554188563     
  0.902998750000000        2.10433041666667      -0.273986088290744     
  0.902998750000000        2.40466333333333      -0.282940088427575     
  0.902998750000000        2.70499625000000      -0.290776351473690     
  0.902998750000000        3.00532916666667      -0.295915196934624     
  0.902998750000000        3.30566208333333      -0.297484782999758     
  0.902998750000000        3.60599500000000      -0.297372780882690     
  0.902998750000000        3.90632791666667      -0.297421690925811     
  0.902998750000000        4.20666083333333      -0.295834108751004     
  0.902998750000000        4.50699375000000      -0.290717379324519     
  0.902998750000000        4.80732666666667      -0.282912276933934     
  0.902998750000000        5.10765958333333      -0.273983607489630     
  0.902998750000000        5.40799250000000      -0.264956128599673     
  0.902998750000000        5.70832541666667      -0.256473764589788     
  0.902998750000000        6.00865833333333      -0.248351135962232     
  0.902998750000000        6.30899125000000      -0.240180985619050     
  0.902998750000000        6.60932416666667      -0.232157265127946     
  0.902998750000000        6.90965708333333      -0.225725302846445     
  0.902998750000000        7.20999000000000      -0.218754321555363     
   1.20333166666667       2.000000000000000E-003 -0.218527442759258     
   1.20333166666667       0.302332916666667      -0.228484313669555     
   1.20333166666667       0.602665833333333      -0.238080705379017     
   1.20333166666667       0.902998750000000      -0.248330021740967     
   1.20333166666667        1.20333166666667      -0.259070436891384     
   1.20333166666667        1.50366458333333      -0.269923623348093     
   1.20333166666667        1.80399750000000      -0.281165935926051     
   1.20333166666667        2.10433041666667      -0.292633492240440     
   1.20333166666667        2.40466333333333      -0.303655524929290     
   1.20333166666667        2.70499625000000      -0.313341808298640     
   1.20333166666667        3.00532916666667      -0.320674564290794     
   1.20333166666667        3.30566208333333      -0.324942646878053     
   1.20333166666667        3.60599500000000      -0.326249825234336     
   1.20333166666667        3.90632791666667      -0.324911587675738     
   1.20333166666667        4.20666083333333      -0.320633545147510     
   1.20333166666667        4.50699375000000      -0.313310993130221     
   1.20333166666667        4.80732666666667      -0.303644013945731     
   1.20333166666667        5.10765958333333      -0.292641593803805     
   1.20333166666667        5.40799250000000      -0.281188767542066     
   1.20333166666667        5.70832541666667      -0.269954041148861     
   1.20333166666667        6.00865833333333      -0.259103752180608     
   1.20333166666667        6.30899125000000      -0.248350984554451     
   1.20333166666667        6.60932416666667      -0.238093576807487     
   1.20333166666667        6.90965708333333      -0.228493150599943     
   1.20333166666667        7.20999000000000      -0.218547385305099     
   1.50366458333333       2.000000000000000E-003 -0.219847973010978     
   1.50366458333333       0.302332916666667      -0.231549594141168     
   1.50366458333333       0.602665833333333      -0.243635699035314     
   1.50366458333333       0.902998750000000      -0.256450701795670     
   1.50366458333333        1.20333166666667      -0.269923974023721     
   1.50366458333333        1.50366458333333      -0.283885039237079     
   1.50366458333333        1.80399750000000      -0.298238180209670     
   1.50366458333333        2.10433041666667      -0.312551850334772     
   1.50366458333333        2.40466333333333      -0.326173039443575     
   1.50366458333333        2.70499625000000      -0.338246951007391     
   1.50366458333333        3.00532916666667      -0.347776570458296     
   1.50366458333333        3.30566208333333      -0.353855165433128     
   1.50366458333333        3.60599500000000      -0.355929873995247     
   1.50366458333333        3.90632791666667      -0.353841681277642     
   1.50366458333333        4.20666083333333      -0.347758681998821     
   1.50366458333333        4.50699375000000      -0.338235863749634     
   1.50366458333333        4.80732666666667      -0.326175850128085     
   1.50366458333333        5.10765958333333      -0.312569480398550     
   1.50366458333333        5.40799250000000      -0.298266458367454     
   1.50366458333333        5.70832541666667      -0.283917517574918     
   1.50366458333333        6.00865833333333      -0.269954090451376     
   1.50366458333333        6.30899125000000      -0.256473638383380     
   1.50366458333333        6.60932416666667      -0.243651284248774     
   1.50366458333333        6.90965708333333      -0.231560298730385     
   1.50366458333333        7.20999000000000      -0.219874505939070     
   1.80399750000000       2.000000000000000E-003 -0.223084482464664     
   1.80399750000000       0.302332916666667      -0.235967143206217     
   1.80399750000000       0.602665833333333      -0.249841971433670     
   1.80399750000000       0.902998750000000      -0.264941199716172     
   1.80399750000000        1.20333166666667      -0.281166272952866     
   1.80399750000000        1.50366458333333      -0.298238271374274     
   1.80399750000000        1.80399750000000      -0.315698618553682     
   1.80399750000000        2.10433041666667      -0.332960697689139     
   1.80399750000000        2.40466333333333      -0.349313668951420     
   1.80399750000000        2.70499625000000      -0.363850043279923     
   1.80399750000000        3.00532916666667      -0.375456292059303     
   1.80399750000000        3.30566208333333      -0.382991371743125     
   1.80399750000000        3.60599500000000      -0.385604235698930     
   1.80399750000000        3.90632791666667      -0.382986670032715     
   1.80399750000000        4.20666083333333      -0.375451709509994     
   1.80399750000000        4.50699375000000      -0.363851953216638     
   1.80399750000000        4.80732666666667      -0.349326145833789     
   1.80399750000000        5.10765958333333      -0.332983420654395     
   1.80399750000000        5.40799250000000      -0.315727243326652     
   1.80399750000000        5.70832541666667      -0.298266647707954     
   1.80399750000000        6.00865833333333      -0.281189091580063     
   1.80399750000000        6.30899125000000      -0.264956396512298     
   1.80399750000000        6.60932416666667      -0.249851106834956     
   1.80399750000000        6.90965708333333      -0.235973945201028     
   1.80399750000000        7.20999000000000      -0.223097518857980     
   2.10433041666667       2.000000000000000E-003 -0.228580291018527     
   2.10433041666667       0.302332916666667      -0.242222431672225     
   2.10433041666667       0.602665833333333      -0.257167658629956     
   2.10433041666667       0.902998750000000      -0.273986287739093     
   2.10433041666667        1.20333166666667      -0.292633642165345     
   2.10433041666667        1.50366458333333      -0.312551896905168     
   2.10433041666667        1.80399750000000      -0.332960695906678     
   2.10433041666667        2.10433041666667      -0.353053696340267     
   2.10433041666667        2.40466333333333      -0.371998772698969     
   2.10433041666667        2.70499625000000      -0.388805321991533     
   2.10433041666667        3.00532916666667      -0.402241451589771     
   2.10433041666667        3.30566208333333      -0.410987290853965     
   2.10433041666667        3.60599500000000      -0.414026614795863     
   2.10433041666667        3.90632791666667      -0.410987684721714     
   2.10433041666667        4.20666083333333      -0.402244689203680     
   2.10433041666667        4.50699375000000      -0.388814543428396     
   2.10433041666667        4.80732666666667      -0.372015323123015     
   2.10433041666667        5.10765958333333      -0.353075759131313     
   2.10433041666667        5.40799250000000      -0.332983614337093     
   2.10433041666667        5.70832541666667      -0.312569916029589     
   2.10433041666667        6.00865833333333      -0.292642237202356     
   2.10433041666667        6.30899125000000      -0.273984398800372     
   2.10433041666667        6.60932416666667      -0.257159009202151     
   2.10433041666667        6.90965708333333      -0.242214985160850     
   2.10433041666667        7.20999000000000      -0.228582216785393     
   2.40466333333333       2.000000000000000E-003 -0.236395394940438     
   2.40466333333333       0.302332916666667      -0.250013707078353     
   2.40466333333333       0.602665833333333      -0.265018568531880     
   2.40466333333333       0.902998750000000      -0.282939984453616     
   2.40466333333333        1.20333166666667      -0.303655477494000     
   2.40466333333333        1.50366458333333      -0.326172990833953     
   2.40466333333333        1.80399750000000      -0.349313620371822     
   2.40466333333333        2.10433041666667      -0.371998742357410     
   2.40466333333333        2.40466333333333      -0.393241841384675     
   2.40466333333333        2.70499625000000      -0.411970896201207     
   2.40466333333333        3.00532916666667      -0.426886706548913     
   2.40466333333333        3.30566208333333      -0.436575852936825     
   2.40466333333333        3.60599500000000      -0.439939303553591     
   2.40466333333333        3.90632791666667      -0.436578878397580     
   2.40466333333333        4.20666083333333      -0.426893685857268     
   2.40466333333333        4.50699375000000      -0.411982622132806     
   2.40466333333333        4.80732666666667      -0.393257563428489     
   2.40466333333333        5.10765958333333      -0.372015469163244     
   2.40466333333333        5.40799250000000      -0.349326525668198     
   2.40466333333333        5.70832541666667      -0.326176513446903     
   2.40466333333333        6.00865833333333      -0.303644961194813     
   2.40466333333333        6.30899125000000      -0.282913482582538     
   2.40466333333333        6.60932416666667      -0.264980338301971     
   2.40466333333333        6.90965708333333      -0.249979005411566     
   2.40466333333333        7.20999000000000      -0.236384949350136     
   2.70499625000000       2.000000000000000E-003 -0.246307797120835     
   2.70499625000000       0.302332916666667      -0.258615715833311     
   2.70499625000000       0.602665833333333      -0.272331512491686     
   2.70499625000000       0.902998750000000      -0.290776038206410     
   2.70499625000000        1.20333166666667      -0.313341613332153     
   2.70499625000000        1.50366458333333      -0.338246811863805     
   2.70499625000000        1.80399750000000      -0.363849940617677     
   2.70499625000000        2.10433041666667      -0.388805256239812     
   2.70499625000000        2.40466333333333      -0.411970867524868     
   2.70499625000000        2.70499625000000      -0.432203896075451     
   2.70499625000000        3.00532916666667      -0.448208300669940     
   2.70499625000000        3.30566208333333      -0.458584158777744     
   2.70499625000000        3.60599500000000      -0.462189637893050     
   2.70499625000000        3.90632791666667      -0.458587968989727     
   2.70499625000000        4.20666083333333      -0.448215870887112     
   2.70499625000000        4.50699375000000      -0.432214566735735     
   2.70499625000000        4.80732666666667      -0.411982727673070     
   2.70499625000000        5.10765958333333      -0.388814794049933     
   2.70499625000000        5.40799250000000      -0.363852480997458     
   2.70499625000000        5.70832541666667      -0.338236693194543     
   2.70499625000000        6.00865833333333      -0.313312181908514     
   2.70499625000000        6.30899125000000      -0.290718884317251     
   2.70499625000000        6.60932416666667      -0.272248474495950     
   2.70499625000000        6.90965708333333      -0.258539220104211     
   2.70499625000000        7.20999000000000      -0.246281742438572     
   3.00532916666667       2.000000000000000E-003 -0.255307676749707     
   3.00532916666667       0.302332916666667      -0.264709280573088     
   3.00532916666667       0.602665833333333      -0.276361011435229     
   3.00532916666667       0.902998750000000      -0.295914759857273     
   3.00532916666667        1.20333166666667      -0.320674282348878     
   3.00532916666667        1.50366458333333      -0.347776375414621     
   3.00532916666667        1.80399750000000      -0.375456154120785     
   3.00532916666667        2.10433041666667      -0.402241363544194     
   3.00532916666667        2.40466333333333      -0.426886662079592     
   3.00532916666667        2.70499625000000      -0.448208286800122     
   3.00532916666667        3.00532916666667      -0.464979657316079     
   3.00532916666667        3.30566208333333      -0.475887963589679     
   3.00532916666667        3.60599500000000      -0.479706902563332     
   3.00532916666667        3.90632791666667      -0.475891190646700     
   3.00532916666667        4.20666083333333      -0.464985645986327     
   3.00532916666667        4.50699375000000      -0.448215898379153     
   3.00532916666667        4.80732666666667      -0.426893869369805     
   3.00532916666667        5.10765958333333      -0.402245005350233     
   3.00532916666667        5.40799250000000      -0.375452321390149     
   3.00532916666667        5.70832541666667      -0.347759653834237     
   3.00532916666667        6.00865833333333      -0.320634934864433     
   3.00532916666667        6.30899125000000      -0.295835929952579     
   3.00532916666667        6.60932416666667      -0.276242011889060     
   3.00532916666667        6.90965708333333      -0.264591705046126     
   3.00532916666667        7.20999000000000      -0.255272588378734     
   3.30566208333333       2.000000000000000E-003 -0.257579346809159     
   3.30566208333333       0.302332916666667      -0.263886991007973     
   3.30566208333333       0.602665833333333      -0.275068227605055     
   3.30566208333333       0.902998750000000      -0.297484364011453     
   3.30566208333333        1.20333166666667      -0.324942357016655     
   3.30566208333333        1.50366458333333      -0.353854962535335     
   3.30566208333333        1.80399750000000      -0.382991229137001     
   3.30566208333333        2.10433041666667      -0.410987201409718     
   3.30566208333333        2.40466333333333      -0.436575808581955     
   3.30566208333333        2.70499625000000      -0.458584144929239     
   3.30566208333333        3.00532916666667      -0.475887962948337     
   3.30566208333333        3.30566208333333      -0.487259783395697     
   3.30566208333333        3.60599500000000      -0.491300142767094     
   3.30566208333333        3.90632791666667      -0.487261668991117     
   3.30566208333333        4.20666083333333      -0.475891226123535     
   3.30566208333333        4.50699375000000      -0.458588105442976     
   3.30566208333333        4.80732666666667      -0.436579068271892     
   3.30566208333333        5.10765958333333      -0.410988061434092     
   3.30566208333333        5.40799250000000      -0.382987343017516     
   3.30566208333333        5.70832541666667      -0.353842753908403     
   3.30566208333333        6.00865833333333      -0.324913094701739     
   3.30566208333333        6.30899125000000      -0.297423706605376     
   3.30566208333333        6.60932416666667      -0.274967395496544     
   3.30566208333333        6.90965708333333      -0.263773817459866     
   3.30566208333333        7.20999000000000      -0.257559047710380     
   3.60599500000000       2.000000000000000E-003 -0.255168857458937     
   3.60599500000000       0.302332916666667      -0.260254741690033     
   3.60599500000000       0.602665833333333      -0.272787501176995     
   3.60599500000000       0.902998750000000      -0.297372472630114     
   3.60599500000000        1.20333166666667      -0.326249598480106     
   3.60599500000000        1.50366458333333      -0.355929704480467     
   3.60599500000000        1.80399750000000      -0.385604115628229     
   3.60599500000000        2.10433041666667      -0.414026541617489     
   3.60599500000000        2.40466333333333      -0.439939270286501     
   3.60599500000000        2.70499625000000      -0.462189630789701     
   3.60599500000000        3.00532916666667      -0.479706905626139     
   3.60599500000000        3.30566208333333      -0.491300145040284     
   3.60599500000000        3.60599500000000      -0.495459015305521     
   3.60599500000000        3.90632791666667      -0.491300182723737     
   3.60599500000000        4.20666083333333      -0.479706947836682     
   3.60599500000000        4.50699375000000      -0.462189764764239     
   3.60599500000000        4.80732666666667      -0.439939578010409     
   3.60599500000000        5.10765958333333      -0.414027080387977     
   3.60599500000000        5.40799250000000      -0.385604974971451     
   3.60599500000000        5.70832541666667      -0.355930951424127     
   3.60599500000000        6.00865833333333      -0.326251349762140     
   3.60599500000000        6.30899125000000      -0.297374712045889     
   3.60599500000000        6.60932416666667      -0.272790196022554     
   3.60599500000000        6.90965708333333      -0.260257526082743     
   3.60599500000000        7.20999000000000      -0.255172344104328     
   3.90632791666667       2.000000000000000E-003 -0.257555820852348     
   3.90632791666667       0.302332916666667      -0.263770980520489     
   3.90632791666667       0.602665833333333      -0.274964692700684     
   3.90632791666667       0.902998750000000      -0.297421489541666     
   3.90632791666667        1.20333166666667      -0.324911436564718     
   3.90632791666667        1.50366458333333      -0.353841561175603     
   3.90632791666667        1.80399750000000      -0.382986585221536     
   3.90632791666667        2.10433041666667      -0.410987635195709     
   3.90632791666667        2.40466333333333      -0.436578858329369     
   3.90632791666667        2.70499625000000      -0.458587966671089     
   3.90632791666667        3.00532916666667      -0.475891192951782     
   3.90632791666667        3.30566208333333      -0.487261667649392     
   3.90632791666667        3.60599500000000      -0.491300178150735     
   3.90632791666667        3.90632791666667      -0.487259872291707     
   3.90632791666667        4.20666083333333      -0.475888059538770     
   3.90632791666667        4.50699375000000      -0.458584338129459     
   3.90632791666667        4.80732666666667      -0.436576133189010     
   3.90632791666667        5.10765958333333      -0.410987768197739     
   3.90632791666667        5.40799250000000      -0.382992092881232     
   3.90632791666667        5.70832541666667      -0.353856248535263     
   3.90632791666667        6.00865833333333      -0.324944024691903     
   3.90632791666667        6.30899125000000      -0.297486447641256     
   3.90632791666667        6.60932416666667      -0.275070569285213     
   3.90632791666667        6.90965708333333      -0.263889439073906     
   3.90632791666667        7.20999000000000      -0.257582384313203     
   4.20666083333333       2.000000000000000E-003 -0.255270055433553     
   4.20666083333333       0.302332916666667      -0.264589262893340     
   4.20666083333333       0.602665833333333      -0.276239711196054     
   4.20666083333333       0.902998750000000      -0.295833955835565     
   4.20666083333333        1.20333166666667      -0.320633435754173     
   4.20666083333333        1.50366458333333      -0.347758601004431     
   4.20666083333333        1.80399750000000      -0.375451655553310     
   4.20666083333333        2.10433041666667      -0.402244659042870     
   4.20666083333333        2.40466333333333      -0.426893672982437     
   4.20666083333333        2.70499625000000      -0.448215865559565     
   4.20666083333333        3.00532916666667      -0.464985638534260     
   4.20666083333333        3.30566208333333      -0.475891211678655     
   4.20666083333333        3.60599500000000      -0.479706928864175     
   4.20666083333333        3.90632791666667      -0.475888044751231     
   4.20666083333333        4.20666083333333      -0.464979780594896     
   4.20666083333333        4.50699375000000      -0.448208539431465     
   4.20666083333333        4.80732666666667      -0.426887071902713     
   4.20666083333333        5.10765958333333      -0.402241971424812     
   4.20666083333333        5.40799250000000      -0.375457057444449     
   4.20666083333333        5.70832541666667      -0.347777591784712     
   4.20666083333333        6.00865833333333      -0.320675869347697     
   4.20666083333333        6.30899125000000      -0.295916702146119     
   4.20666083333333        6.60932416666667      -0.276363191933601     
   4.20666083333333        6.90965708333333      -0.264711765670542     
   4.20666083333333        7.20999000000000      -0.255310668035591     
   4.50699375000000       2.000000000000000E-003 -0.246279631384534     
   4.50699375000000       0.302332916666667      -0.258537147637216     
   4.50699375000000       0.602665833333333      -0.272246518912774     
   4.50699375000000       0.902998750000000      -0.290717218586215     
   4.50699375000000        1.20333166666667      -0.313310886158866     
   4.50699375000000        1.50366458333333      -0.338235796067984     
   4.50699375000000        1.80399750000000      -0.363851912690907     
   4.50699375000000        2.10433041666667      -0.388814519573829     
   4.50699375000000        2.40466333333333      -0.411982605468374     
   4.50699375000000        2.70499625000000      -0.432214548590084     
   4.50699375000000        3.00532916666667      -0.448215872349516     
   4.50699375000000        3.30566208333333      -0.458588069784921     
   4.50699375000000        3.60599500000000      -0.462189723795898     
   4.50699375000000        3.90632791666667      -0.458584300737846     
   4.50699375000000        4.20666083333333      -0.448208516063708     
   4.50699375000000        4.50699375000000      -0.432204202256851     
   4.50699375000000        4.80732666666667      -0.411971375115062     
   4.50699375000000        5.10765958333333      -0.388805923277678     
   4.50699375000000        5.40799250000000      -0.363850829790777     
   4.50699375000000        5.70832541666667      -0.338247950346524     
   4.50699375000000        6.00865833333333      -0.313343069620878     
   4.50699375000000        6.30899125000000      -0.290777806908540     
   4.50699375000000        6.60932416666667      -0.272333596693238     
   4.50699375000000        6.90965708333333      -0.258618129718974     
   4.50699375000000        7.20999000000000      -0.246310461683752     
   4.80732666666667       2.000000000000000E-003 -0.236383238656366     
   4.80732666666667       0.302332916666667      -0.249977218407364     
   4.80732666666667       0.602665833333333      -0.264978661715210     
   4.80732666666667       0.902998750000000      -0.282912054039225     
   4.80732666666667        1.20333166666667      -0.303643867711625     
   4.80732666666667        1.50366458333333      -0.326175763652703     
   4.80732666666667        1.80399750000000      -0.349326095723834     
   4.80732666666667        2.10433041666667      -0.372015288913183     
   4.80732666666667        2.40466333333333      -0.393257530681331     
   4.80732666666667        2.70499625000000      -0.411982687660798     
   4.80732666666667        3.00532916666667      -0.426893818012567     
   4.80732666666667        3.30566208333333      -0.436579006170287     
   4.80732666666667        3.60599500000000      -0.439939510584774     
   4.80732666666667        3.90632791666667      -0.436576069070962     
   4.80732666666667        4.20666083333333      -0.426887020017677     
   4.80732666666667        4.50699375000000      -0.411971344076039     
   4.80732666666667        4.80732666666667      -0.393242430061179     
   4.80732666666667        5.10765958333333      -0.371999424009533     
   4.80732666666667        5.40799250000000      -0.349314499011442     
   4.80732666666667        5.70832541666667      -0.326174059028824     
   4.80732666666667        6.00865833333333      -0.303656787489674     
   4.80732666666667        6.30899125000000      -0.282941540948000     
   4.80732666666667        6.60932416666667      -0.265020379056743     
   4.80732666666667        6.90965708333333      -0.250015749870481     
   4.80732666666667        7.20999000000000      -0.236397466872766     
   5.10765958333333       2.000000000000000E-003 -0.228580933928083     
   5.10765958333333       0.302332916666667      -0.242213505557541     
   5.10765958333333       0.602665833333333      -0.257157612308052     
   5.10765958333333       0.902998750000000      -0.273983225962791     
   5.10765958333333        1.20333166666667      -0.292641363599531     
   5.10765958333333        1.50366458333333      -0.312569347376542     
   5.10765958333333        1.80399750000000      -0.332983342875560     
   5.10765958333333        2.10433041666667      -0.353075701548725     
   5.10765958333333        2.40466333333333      -0.372015410697089     
   5.10765958333333        2.70499625000000      -0.388814725155204     
   5.10765958333333        3.00532916666667      -0.402244922800704     
   5.10765958333333        3.30566208333333      -0.410987966435094     
   5.10765958333333        3.60599500000000      -0.414026980225578     
   5.10765958333333        3.90632791666667      -0.410987673471439     
   5.10765958333333        4.20666083333333      -0.402241888401477     
   5.10765958333333        4.50699375000000      -0.388805855370713     
   5.10765958333333        4.80732666666667      -0.371999380231704     
   5.10765958333333        5.10765958333333      -0.353054391916860     
   5.10765958333333        5.40799250000000      -0.332961506790640     
   5.10765958333333        5.70832541666667      -0.312552867134095     
   5.10765958333333        6.00865833333333      -0.292634739350474     
   5.10765958333333        6.30899125000000      -0.273987549286268     
   5.10765958333333        6.60932416666667      -0.257169085456456     
   5.10765958333333        6.90965708333333      -0.242223944171937     
   5.10765958333333        7.20999000000000      -0.228581628420560     
   5.40799250000000       2.000000000000000E-003 -0.223096660076193     
   5.40799250000000       0.302332916666667      -0.235972793208565     
   5.40799250000000       0.602665833333333      -0.249849972105781     
   5.40799250000000       0.902998750000000      -0.264955460223090     
   5.40799250000000        1.20333166666667      -0.281188424696468     
   5.40799250000000        1.50366458333333      -0.298266275863986     
   5.40799250000000        1.80399750000000      -0.315727139586573     
   5.40799250000000        2.10433041666667      -0.332983532395027     
   5.40799250000000        2.40466333333333      -0.349326438982117     
   5.40799250000000        2.70499625000000      -0.363852380344358     
   5.40799250000000        3.00532916666667      -0.375452200961342     
   5.40799250000000        3.30566208333333      -0.382987198002417     
   5.40799250000000        3.60599500000000      -0.385604818428670     
   5.40799250000000        3.90632791666667      -0.382991955665267     
   5.40799250000000        4.20666083333333      -0.375456943632962     
   5.40799250000000        4.50699375000000      -0.363850723236635     
   5.40799250000000        4.80732666666667      -0.349314397529550     
   5.40799250000000        5.10765958333333      -0.332961431600439     
   5.40799250000000        5.40799250000000      -0.315699360872305     
   5.40799250000000        5.70832541666667      -0.298239113609804     
   5.40799250000000        6.00865833333333      -0.281167160885272     
   5.40799250000000        6.30899125000000      -0.264942156884763     
   5.40799250000000        6.60932416666667      -0.249842980769528     
   5.40799250000000        6.90965708333333      -0.235968093202110     
   5.40799250000000        7.20999000000000      -0.223085123764552     
   5.70832541666667       2.000000000000000E-003 -0.219874075554240     
   5.70832541666667       0.302332916666667      -0.231559491925542     
   5.70832541666667       0.602665833333333      -0.243650430537576     
   5.70832541666667       0.902998750000000      -0.256472925896794     
   5.70832541666667        1.20333166666667      -0.269953634910348     
   5.70832541666667        1.50366458333333      -0.283917339841069     
   5.70832541666667        1.80399750000000      -0.298266552344110     
   5.70832541666667        2.10433041666667      -0.312569825094570     
   5.70832541666667        2.40466333333333      -0.326176407419617     
   5.70832541666667        2.70499625000000      -0.338236568691322     
   5.70832541666667        3.00532916666667      -0.347759492715865     
   5.70832541666667        3.30566208333333      -0.353842510715525     
   5.70832541666667        3.60599500000000      -0.355930631244421     
   5.70832541666667        3.90632791666667      -0.353856030844519     
   5.70832541666667        4.20666083333333      -0.347777464638550     
   5.70832541666667        4.50699375000000      -0.338247817857400     
   5.70832541666667        4.80732666666667      -0.326173891423235     
   5.70832541666667        5.10765958333333      -0.312552673449020     
   5.70832541666667        5.40799250000000      -0.298238950958484     
   5.70832541666667        5.70832541666667      -0.283885740774749     
   5.70832541666667        6.00865833333333      -0.269924637801954     
   5.70832541666667        6.30899125000000      -0.256451343590191     
   5.70832541666667        6.60932416666667      -0.243636280245009     
   5.70832541666667        6.90965708333333      -0.231549978014787     
   5.70832541666667        7.20999000000000      -0.219847983029929     
   6.00865833333333       2.000000000000000E-003 -0.218547352967435     
   6.00865833333333       0.302332916666667      -0.228492706029992     
   6.00865833333333       0.602665833333333      -0.238093024762628     
   6.00865833333333       0.902998750000000      -0.248350504251076     
   6.00865833333333        1.20333166666667      -0.259103466686285     
   6.00865833333333        1.50366458333333      -0.269954043700726     
   6.00865833333333        1.80399750000000      -0.281189066462061     
   6.00865833333333        2.10433041666667      -0.292642161784142     
   6.00865833333333        2.40466333333333      -0.303644857308254     
   6.00865833333333        2.70499625000000      -0.313312092748216     
   6.00865833333333        3.00532916666667      -0.320634710461493     
   6.00865833333333        3.30566208333333      -0.324912851729563     
   6.00865833333333        3.60599500000000      -0.326250813096154     
   6.00865833333333        3.90632791666667      -0.324943790321875     
   6.00865833333333        4.20666083333333      -0.320675755671917     
   6.00865833333333        4.50699375000000      -0.313342978958829     
   6.00865833333333        4.80732666666667      -0.303656569497256     
   6.00865833333333        5.10765958333333      -0.292634379304030     
   6.00865833333333        5.40799250000000      -0.281166687067687     
   6.00865833333333        5.70832541666667      -0.269924217734134     
   6.00865833333333        6.00865833333333      -0.259070969537860     
   6.00865833333333        6.30899125000000      -0.248330377058236     
   6.00865833333333        6.60932416666667      -0.238080878132231     
   6.00865833333333        6.90965708333333      -0.228484156488436     
   6.00865833333333        7.20999000000000      -0.218526793995300     
   6.30899125000000       2.000000000000000E-003 -0.218754550914693     
   6.30899125000000       0.302332916666667      -0.225725246257588     
   6.30899125000000       0.602665833333333      -0.232156979186757     
   6.30899125000000       0.902998750000000      -0.240180669092346     
   6.30899125000000        1.20333166666667      -0.248351009519081     
   6.30899125000000        1.50366458333333      -0.256473921506680     
   6.30899125000000        1.80399750000000      -0.264956590069186     
   6.30899125000000        2.10433041666667      -0.273984377008240     
   6.30899125000000        2.40466333333333      -0.282913353988904     
   6.30899125000000        2.70499625000000      -0.290721753443453     
   6.30899125000000        3.00532916666667      -0.295836731259446     
   6.30899125000000        3.30566208333333      -0.297425801394683     
   6.30899125000000        3.60599500000000      -0.297318316971692     
   6.30899125000000        3.90632791666667      -0.297488701728149     
   6.30899125000000        4.20666083333333      -0.295917604857712     
   6.30899125000000        4.50699375000000      -0.290780638367209     
   6.30899125000000        4.80732666666667      -0.282941305259003     
   6.30899125000000        5.10765958333333      -0.273987073887330     
   6.30899125000000        5.40799250000000      -0.264941308829717     
   6.30899125000000        5.70832541666667      -0.256450425437803     
   6.30899125000000        6.00865833333333      -0.248329804924490     
   6.30899125000000        6.30899125000000      -0.240163909169886     
   6.30899125000000        6.60932416666667      -0.232150500263074     
   6.30899125000000        6.90965708333333      -0.225716702140528     
   6.30899125000000        7.20999000000000      -0.218736949829525     
   6.60932416666667       2.000000000000000E-003 -0.219067770205956     
   6.60932416666667       0.302332916666667      -0.220821557730254     
   6.60932416666667       0.602665833333333      -0.225200722930256     
   6.60932416666667       0.902998750000000      -0.232156273740803     
   6.60932416666667        1.20333166666667      -0.238093737707424     
   6.60932416666667        1.50366458333333      -0.243652088703685     
   6.60932416666667        1.80399750000000      -0.249852127347424     
   6.60932416666667        2.10433041666667      -0.257159042386523     
   6.60932416666667        2.40466333333333      -0.264980144045774     
   6.60932416666667        2.70499625000000      -0.272247027006813     
   6.60932416666667        3.00532916666667      -0.276229237648538     
   6.60932416666667        3.30566208333333      -0.274968875929359     
   6.60932416666667        3.60599500000000      -0.272719808357768     
   6.60932416666667        3.90632791666667      -0.275072321296840     
   6.60932416666667        4.20666083333333      -0.276348291848111     
   6.60932416666667        4.50699375000000      -0.272332565656394     
   6.60932416666667        4.80732666666667      -0.265020206702662     
   6.60932416666667        5.10765958333333      -0.257168882874894     
   6.60932416666667        5.40799250000000      -0.249843130039858     
   6.60932416666667        5.70832541666667      -0.243635795341012     
   6.60932416666667        6.00865833333333      -0.238080212293254     
   6.60932416666667        6.30899125000000      -0.232149213251505     
   6.60932416666667        6.60932416666667      -0.225198925674190     
   6.60932416666667        6.90965708333333      -0.220806998249658     
   6.60932416666667        7.20999000000000      -0.219043209016128     
   6.90965708333333       2.000000000000000E-003 -0.213987081951731     
   6.90965708333333       0.302332916666667      -0.213705610984485     
   6.90965708333333       0.602665833333333      -0.220819969773469     
   6.90965708333333       0.902998750000000      -0.225724145165279     
   6.90965708333333        1.20333166666667      -0.228493193822435     
   6.90965708333333        1.50366458333333      -0.231560826078531     
   6.90965708333333        1.80399750000000      -0.235973720566207     
   6.90965708333333        2.10433041666667      -0.242213928685332     
   6.90965708333333        2.40466333333333      -0.249976727178734     
   6.90965708333333        2.70499625000000      -0.258535610270630     
   6.90965708333333        3.00532916666667      -0.264590924565635     
   6.90965708333333        3.30566208333333      -0.263759857318481     
   6.90965708333333        3.60599500000000      -0.260216370272479     
   6.90965708333333        3.90632791666667      -0.263873752978412     
   6.90965708333333        4.20666083333333      -0.264711357561633     
   6.90965708333333        4.50699375000000      -0.258615026829051     
   6.90965708333333        4.80732666666667      -0.250014066286159     
   6.90965708333333        5.10765958333333      -0.242223488656994     
   6.90965708333333        5.40799250000000      -0.235968631159010     
   6.90965708333333        5.70832541666667      -0.231550652553112     
   6.90965708333333        6.00865833333333      -0.228483957817859     
   6.90965708333333        6.30899125000000      -0.225715477588984     
   6.90965708333333        6.60932416666667      -0.220805899202863     
   6.90965708333333        6.90965708333333      -0.213699602021878     
   6.90965708333333        7.20999000000000      -0.213966487219071     
   7.20999000000000       2.000000000000000E-003 -0.202161438575031     
   7.20999000000000       0.302332916666667      -0.213990592149849     
   7.20999000000000       0.602665833333333      -0.219097886717149     
   7.20999000000000       0.902998750000000      -0.218770899854965     
   7.20999000000000        1.20333166666667      -0.218529057062536     
   7.20999000000000        1.50366458333333      -0.219777835500115     
   7.20999000000000        1.80399750000000      -0.223049761804989     
   7.20999000000000        2.10433041666667      -0.228577424591098     
   7.20999000000000        2.40466333333333      -0.236415629368721     
   7.20999000000000        2.70499625000000      -0.246346913416277     
   7.20999000000000        3.00532916666667      -0.255342983904320     
   7.20999000000000        3.30566208333333      -0.257586919474971     
   7.20999000000000        3.60599500000000      -0.255172238764919     
   7.20999000000000        3.90632791666667      -0.257610160485930     
   7.20999000000000        4.20666083333333      -0.255378876951119     
   7.20999000000000        4.50699375000000      -0.246372580659895     
   7.20999000000000        4.80732666666667      -0.236426036044200     
   7.20999000000000        5.10765958333333      -0.228578531767486     
   7.20999000000000        5.40799250000000      -0.223046831593633     
   7.20999000000000        5.70832541666667      -0.219772496110701     
   7.20999000000000        6.00865833333333      -0.218518557634037     
   7.20999000000000        6.30899125000000      -0.218757524343341     
   7.20999000000000        6.60932416666667      -0.219075849022879     
   7.20999000000000        6.90965708333333      -0.213971806367687     
   7.20999000000000        7.20999000000000      -0.202162613941277     
