  2.000000000000000E-003  2.000000000000000E-003 -0.405114352438598     
  2.000000000000000E-003  0.302332916666667      -0.441616271765011     
  2.000000000000000E-003  0.602665833333333      -0.456330239825182     
  2.000000000000000E-003  0.902998750000000      -0.450376236554846     
  2.000000000000000E-003   1.20333166666667      -0.440662070622064     
  2.000000000000000E-003   1.50366458333333      -0.430236705021159     
  2.000000000000000E-003   1.80399750000000      -0.418830189692643     
  2.000000000000000E-003   2.10433041666667      -0.409848784908658     
  2.000000000000000E-003   2.40466333333333      -0.403916577328378     
  2.000000000000000E-003   2.70499625000000      -0.398370825632880     
  2.000000000000000E-003   3.00532916666667      -0.390775502330310     
  2.000000000000000E-003   3.30566208333333      -0.378410278159277     
  2.000000000000000E-003   3.60599500000000      -0.357218662101441     
  2.000000000000000E-003   3.90632791666667      -0.341974761375005     
  2.000000000000000E-003   4.20666083333333      -0.319664173140340     
  2.000000000000000E-003   4.50699375000000      -0.288782603596594     
  2.000000000000000E-003   4.80732666666667      -0.259792635715770     
  2.000000000000000E-003   5.10765958333333      -0.236968821457702     
  2.000000000000000E-003   5.40799250000000      -0.220520973932660     
  2.000000000000000E-003   5.70832541666667      -0.209665662860763     
  2.000000000000000E-003   6.00865833333333      -0.204575856934533     
  2.000000000000000E-003   6.30899125000000      -0.203982773706572     
  2.000000000000000E-003   6.60932416666667      -0.204654034536314     
  2.000000000000000E-003   6.90965708333333      -0.196614793543505     
  2.000000000000000E-003   7.20999000000000      -0.180809968146116     
  0.302332916666667       2.000000000000000E-003 -0.441648904987700     
  0.302332916666667       0.302332916666667      -0.418153382441876     
  0.302332916666667       0.602665833333333      -0.451107007280682     
  0.302332916666667       0.902998750000000      -0.475121555917566     
  0.302332916666667        1.20333166666667      -0.478554901723088     
  0.302332916666667        1.50366458333333      -0.472253797588737     
  0.302332916666667        1.80399750000000      -0.462051715169881     
  0.302332916666667        2.10433041666667      -0.451311210268351     
  0.302332916666667        2.40466333333333      -0.442250563409151     
  0.302332916666667        2.70499625000000      -0.430928033406648     
  0.302332916666667        3.00532916666667      -0.412941477397748     
  0.302332916666667        3.30566208333333      -0.388388201215556     
  0.302332916666667        3.60599500000000      -0.365120432317394     
  0.302332916666667        3.90632791666667      -0.348053343695454     
  0.302332916666667        4.20666083333333      -0.324917789247114     
  0.302332916666667        4.50699375000000      -0.295463059218326     
  0.302332916666667        4.80732666666667      -0.267311922139399     
  0.302332916666667        5.10765958333333      -0.244591312973353     
  0.302332916666667        5.40799250000000      -0.227522702681422     
  0.302332916666667        5.70832541666667      -0.215828713358430     
  0.302332916666667        6.00865833333333      -0.208612968275899     
  0.302332916666667        6.30899125000000      -0.204402664775636     
  0.302332916666667        6.60932416666667      -0.199566208216027     
  0.302332916666667        6.90965708333333      -0.190294762424211     
  0.302332916666667        7.20999000000000      -0.184121091970381     
  0.602665833333333       2.000000000000000E-003 -0.456411770056548     
  0.602665833333333       0.302332916666667      -0.451105153351428     
  0.602665833333333       0.602665833333333      -0.471135589217692     
  0.602665833333333       0.902998750000000      -0.500996020333007     
  0.602665833333333        1.20333166666667      -0.514626177604144     
  0.602665833333333        1.50366458333333      -0.514100547958467     
  0.602665833333333        1.80399750000000      -0.505305166286494     
  0.602665833333333        2.10433041666667      -0.493278904062288     
  0.602665833333333        2.40466333333333      -0.480220759934720     
  0.602665833333333        2.70499625000000      -0.462866817974769     
  0.602665833333333        3.00532916666667      -0.436410654309076     
  0.602665833333333        3.30566208333333      -0.402743671447354     
  0.602665833333333        3.60599500000000      -0.370862797134287     
  0.602665833333333        3.90632791666667      -0.346046879318093     
  0.602665833333333        4.20666083333333      -0.321746683665978     
  0.602665833333333        4.50699375000000      -0.295569473517633     
  0.602665833333333        4.80732666666667      -0.270825101758399     
  0.602665833333333        5.10765958333333      -0.249945713334088     
  0.602665833333333        5.40799250000000      -0.232968991083317     
  0.602665833333333        5.70832541666667      -0.220183552922624     
  0.602665833333333        6.00865833333333      -0.210836369098127     
  0.602665833333333        6.30899125000000      -0.203434529154532     
  0.602665833333333        6.60932416666667      -0.196293416784311     
  0.602665833333333        6.90965708333333      -0.189378695238142     
  0.602665833333333        7.20999000000000      -0.182521289290622     
  0.902998750000000       2.000000000000000E-003 -0.450440724497362     
  0.902998750000000       0.302332916666667      -0.475118556827393     
  0.902998750000000       0.602665833333333      -0.500993239126778     
  0.902998750000000       0.902998750000000      -0.529624174490104     
  0.902998750000000        1.20333166666667      -0.546265039813918     
  0.902998750000000        1.50366458333333      -0.550001229138422     
  0.902998750000000        1.80399750000000      -0.543009972703840     
  0.902998750000000        2.10433041666667      -0.531752277342224     
  0.902998750000000        2.40466333333333      -0.515177475028829     
  0.902998750000000        2.70499625000000      -0.491118855475672     
  0.902998750000000        3.00532916666667      -0.459211020595979     
  0.902998750000000        3.30566208333333      -0.420835570089136     
  0.902998750000000        3.60599500000000      -0.382691304949523     
  0.902998750000000        3.90632791666667      -0.349795666252890     
  0.902998750000000        4.20666083333333      -0.321441485670005     
  0.902998750000000        4.50699375000000      -0.296083441689866     
  0.902998750000000        4.80732666666667      -0.273561329722436     
  0.902998750000000        5.10765958333333      -0.253936528237552     
  0.902998750000000        5.40799250000000      -0.237255713705256     
  0.902998750000000        5.70832541666667      -0.223717540583604     
  0.902998750000000        6.00865833333333      -0.212987035917825     
  0.902998750000000        6.30899125000000      -0.204167585157025     
  0.902998750000000        6.60932416666667      -0.196246752355865     
  0.902998750000000        6.90965708333333      -0.189279899537617     
  0.902998750000000        7.20999000000000      -0.180865763580940     
   1.20333166666667       2.000000000000000E-003 -0.440730340153286     
   1.20333166666667       0.302332916666667      -0.478552289385317     
   1.20333166666667       0.602665833333333      -0.514626568241706     
   1.20333166666667       0.902998750000000      -0.546264853279556     
   1.20333166666667        1.20333166666667      -0.568531918224717     
   1.20333166666667        1.50366458333333      -0.574803678589463     
   1.20333166666667        1.80399750000000      -0.571603599244039     
   1.20333166666667        2.10433041666667      -0.562206507406346     
   1.20333166666667        2.40466333333333      -0.542676626592430     
   1.20333166666667        2.70499625000000      -0.512635021310241     
   1.20333166666667        3.00532916666667      -0.474911887338281     
   1.20333166666667        3.30566208333333      -0.433499271555920     
   1.20333166666667        3.60599500000000      -0.392413181349442     
   1.20333166666667        3.90632791666667      -0.355597311133632     
   1.20333166666667        4.20666083333333      -0.324576118683978     
   1.20333166666667        4.50699375000000      -0.298585483656899     
   1.20333166666667        4.80732666666667      -0.276340980574865     
   1.20333166666667        5.10765958333333      -0.257088506611457     
   1.20333166666667        5.40799250000000      -0.240492548078066     
   1.20333166666667        5.70832541666667      -0.226442954881897     
   1.20333166666667        6.00865833333333      -0.214797912956737     
   1.20333166666667        6.30899125000000      -0.204801050067539     
   1.20333166666667        6.60932416666667      -0.196042087101851     
   1.20333166666667        6.90965708333333      -0.187930955646639     
   1.20333166666667        7.20999000000000      -0.178398646065717     
   1.50366458333333       2.000000000000000E-003 -0.430300527916158     
   1.50366458333333       0.302332916666667      -0.472253033527693     
   1.50366458333333       0.602665833333333      -0.514101146117972     
   1.50366458333333       0.902998750000000      -0.550001887621235     
   1.50366458333333        1.20333166666667      -0.574803920534326     
   1.50366458333333        1.50366458333333      -0.586759961527290     
   1.50366458333333        1.80399750000000      -0.589429069154274     
   1.50366458333333        2.10433041666667      -0.580337661429344     
   1.50366458333333        2.40466333333333      -0.557961925750359     
   1.50366458333333        2.70499625000000      -0.523993965615509     
   1.50366458333333        3.00532916666667      -0.482580157878676     
   1.50366458333333        3.30566208333333      -0.438688020147729     
   1.50366458333333        3.60599500000000      -0.396648516456867     
   1.50366458333333        3.90632791666667      -0.359304764478518     
   1.50366458333333        4.20666083333333      -0.327638988469245     
   1.50366458333333        4.50699375000000      -0.301121826144468     
   1.50366458333333        4.80732666666667      -0.278677686282060     
   1.50366458333333        5.10765958333333      -0.259399242359787     
   1.50366458333333        5.40799250000000      -0.242718776500478     
   1.50366458333333        5.70832541666667      -0.228294120464470     
   1.50366458333333        6.00865833333333      -0.215828474376419     
   1.50366458333333        6.30899125000000      -0.204923531353210     
   1.50366458333333        6.60932416666667      -0.195155915143074     
   1.50366458333333        6.90965708333333      -0.186111008101821     
   1.50366458333333        7.20999000000000      -0.176023275309667     
   1.80399750000000       2.000000000000000E-003 -0.418856044439308     
   1.80399750000000       0.302332916666667      -0.462051536425290     
   1.80399750000000       0.602665833333333      -0.505304955870267     
   1.80399750000000       0.902998750000000      -0.543010238800860     
   1.80399750000000        1.20333166666667      -0.571603591638526     
   1.80399750000000        1.50366458333333      -0.589428947816087     
   1.80399750000000        1.80399750000000      -0.593825844762014     
   1.80399750000000        2.10433041666667      -0.583146975217398     
   1.80399750000000        2.40466333333333      -0.558146494371660     
   1.80399750000000        2.70499625000000      -0.522162605908295     
   1.80399750000000        3.00532916666667      -0.480066861130724     
   1.80399750000000        3.30566208333333      -0.436751499160036     
   1.80399750000000        3.60599500000000      -0.395947763483237     
   1.80399750000000        3.90632791666667      -0.359732380557742     
   1.80399750000000        4.20666083333333      -0.328659919549056     
   1.80399750000000        4.50699375000000      -0.302301715586981     
   1.80399750000000        4.80732666666667      -0.279868482168223     
   1.80399750000000        5.10765958333333      -0.260606196004792     
   1.80399750000000        5.40799250000000      -0.243906651395407     
   1.80399750000000        5.70832541666667      -0.229277138279795     
   1.80399750000000        6.00865833333333      -0.216305229465844     
   1.80399750000000        6.30899125000000      -0.204656591964062     
   1.80399750000000        6.60932416666667      -0.194093201914666     
   1.80399750000000        6.90965708333333      -0.184439601981772     
   1.80399750000000        7.20999000000000      -0.175297471273316     
   2.10433041666667       2.000000000000000E-003 -0.409851177755582     
   2.10433041666667       0.302332916666667      -0.451311313641676     
   2.10433041666667       0.602665833333333      -0.493278610994717     
   2.10433041666667       0.902998750000000      -0.531752010765447     
   2.10433041666667        1.20333166666667      -0.562206146483097     
   2.10433041666667        1.50366458333333      -0.580337299263273     
   2.10433041666667        1.80399750000000      -0.583146760630462     
   2.10433041666667        2.10433041666667      -0.570085635735782     
   2.10433041666667        2.40466333333333      -0.543421401422060     
   2.10433041666667        2.70499625000000      -0.507504241706845     
   2.10433041666667        3.00532916666667      -0.467321631064225     
   2.10433041666667        3.30566208333333      -0.427108091054091     
   2.10433041666667        3.60599500000000      -0.389611171861305     
   2.10433041666667        3.90632791666667      -0.356089492395942     
   2.10433041666667        4.20666083333333      -0.326757249333370     
   2.10433041666667        4.50699375000000      -0.301330033056836     
   2.10433041666667        4.80732666666667      -0.279379747859584     
   2.10433041666667        5.10765958333333      -0.260432274391025     
   2.10433041666667        5.40799250000000      -0.243954466215001     
   2.10433041666667        5.70832541666667      -0.229385271506868     
   2.10433041666667        6.00865833333333      -0.216244785458599     
   2.10433041666667        6.30899125000000      -0.204239110221356     
   2.10433041666667        6.60932416666667      -0.193266594841988     
   2.10433041666667        6.90965708333333      -0.183321297364155     
   2.10433041666667        7.20999000000000      -0.174378552907766     
   2.40466333333333       2.000000000000000E-003 -0.403916249299108     
   2.40466333333333       0.302332916666667      -0.442250225832057     
   2.40466333333333       0.602665833333333      -0.480220263823282     
   2.40466333333333       0.902998750000000      -0.515176898689714     
   2.40466333333333        1.20333166666667      -0.542676019657896     
   2.40466333333333        1.50366458333333      -0.557961376402262     
   2.40466333333333        1.80399750000000      -0.558146105930825     
   2.40466333333333        2.10433041666667      -0.543421222296167     
   2.40466333333333        2.40466333333333      -0.516873648274894     
   2.40466333333333        2.70499625000000      -0.483185553871099     
   2.40466333333333        3.00532916666667      -0.446962008365103     
   2.40466333333333        3.30566208333333      -0.411517082410872     
   2.40466333333333        3.60599500000000      -0.378574674827139     
   2.40466333333333        3.90632791666667      -0.348681833334529     
   2.40466333333333        4.20666083333333      -0.321835090710932     
   2.40466333333333        4.50699375000000      -0.297952708771244     
   2.40466333333333        4.80732666666667      -0.276978149491683     
   2.40466333333333        5.10765958333333      -0.258727580456582     
   2.40466333333333        5.40799250000000      -0.242778276420248     
   2.40466333333333        5.70832541666667      -0.228557157450285     
   2.40466333333333        6.00865833333333      -0.215571006496612     
   2.40466333333333        6.30899125000000      -0.203585205806077     
   2.40466333333333        6.60932416666667      -0.192602645256263     
   2.40466333333333        6.90965708333333      -0.182692041580953     
   2.40466333333333        7.20999000000000      -0.173856545449948     
   2.70499625000000       2.000000000000000E-003 -0.398369756414985     
   2.70499625000000       0.302332916666667      -0.430927262353433     
   2.70499625000000       0.602665833333333      -0.462866075136263     
   2.70499625000000       0.902998750000000      -0.491118085782413     
   2.70499625000000        1.20333166666667      -0.512634303545389     
   2.70499625000000        1.50366458333333      -0.523993342937716     
   2.70499625000000        1.80399750000000      -0.522162138791999     
   2.70499625000000        2.10433041666667      -0.507503964467178     
   2.70499625000000        2.40466333333333      -0.483185444607114     
   2.70499625000000        2.70499625000000      -0.453578584950474     
   2.70499625000000        3.00532916666667      -0.422571963235231     
   2.70499625000000        3.30566208333333      -0.392569191771711     
   2.70499625000000        3.60599500000000      -0.364487822985917     
   2.70499625000000        3.90632791666667      -0.338417873089073     
   2.70499625000000        4.20666083333333      -0.314314085173987     
   2.70499625000000        4.50699375000000      -0.292333135299565     
   2.70499625000000        4.80732666666667      -0.272721223104570     
   2.70499625000000        5.10765958333333      -0.255507499264991     
   2.70499625000000        5.40799250000000      -0.240357893598797     
   2.70499625000000        5.70832541666667      -0.226725510046894     
   2.70499625000000        6.00865833333333      -0.214170141906554     
   2.70499625000000        6.30899125000000      -0.202571252682858     
   2.70499625000000        6.60932416666667      -0.192007805794385     
   2.70499625000000        6.90965708333333      -0.182555133178442     
   2.70499625000000        7.20999000000000      -0.174089562034446     
   3.00532916666667       2.000000000000000E-003 -0.390773907923755     
   3.00532916666667       0.302332916666667      -0.412940370892816     
   3.00532916666667       0.602665833333333      -0.436409740069120     
   3.00532916666667       0.902998750000000      -0.459210166556721     
   3.00532916666667        1.20333166666667      -0.474911166688482     
   3.00532916666667        1.50366458333333      -0.482579553307368     
   3.00532916666667        1.80399750000000      -0.480066384218619     
   3.00532916666667        2.10433041666667      -0.467321310517876     
   3.00532916666667        2.40466333333333      -0.446961839520877     
   3.00532916666667        2.70499625000000      -0.422571904446552     
   3.00532916666667        3.00532916666667      -0.397175296078259     
   3.00532916666667        3.30566208333333      -0.372446627153401     
   3.00532916666667        3.60599500000000      -0.348829448523906     
   3.00532916666667        3.90632791666667      -0.326255068763041     
   3.00532916666667        4.20666083333333      -0.304804033285923     
   3.00532916666667        4.50699375000000      -0.284865086781587     
   3.00532916666667        4.80732666666667      -0.266863069329682     
   3.00532916666667        5.10765958333333      -0.250917887456012     
   3.00532916666667        5.40799250000000      -0.236738099778635     
   3.00532916666667        5.70832541666667      -0.223834252315956     
   3.00532916666667        6.00865833333333      -0.211893500946382     
   3.00532916666667        6.30899125000000      -0.200949062198641     
   3.00532916666667        6.60932416666667      -0.191069037085335     
   3.00532916666667        6.90965708333333      -0.182384574216981     
   3.00532916666667        7.20999000000000      -0.174546234401472     
   3.30566208333333       2.000000000000000E-003 -0.378408610539818     
   3.30566208333333       0.302332916666667      -0.388387046677711     
   3.30566208333333       0.602665833333333      -0.402742815757775     
   3.30566208333333       0.902998750000000      -0.420834864714674     
   3.30566208333333        1.20333166666667      -0.433498673984302     
   3.30566208333333        1.50366458333333      -0.438687489035533     
   3.30566208333333        1.80399750000000      -0.436751036307059     
   3.30566208333333        2.10433041666667      -0.427107737288549     
   3.30566208333333        2.40466333333333      -0.411516863150621     
   3.30566208333333        2.70499625000000      -0.392569092659657     
   3.30566208333333        3.00532916666667      -0.372446602282659     
   3.30566208333333        3.30566208333333      -0.352321339030212     
   3.30566208333333        3.60599500000000      -0.332465421266547     
   3.30566208333333        3.90632791666667      -0.312885938442894     
   3.30566208333333        4.20666083333333      -0.293882777017674     
   3.30566208333333        4.50699375000000      -0.276016223198513     
   3.30566208333333        4.80732666666667      -0.259750431471474     
   3.30566208333333        5.10765958333333      -0.245180351057511     
   3.30566208333333        5.40799250000000      -0.232018485602211     
   3.30566208333333        5.70832541666667      -0.219860007060847     
   3.30566208333333        6.00865833333333      -0.208558517531053     
   3.30566208333333        6.30899125000000      -0.198213641160120     
   3.30566208333333        6.60932416666667      -0.188956990067246     
   3.30566208333333        6.90965708333333      -0.181075714746602     
   3.30566208333333        7.20999000000000      -0.173983341781934     
   3.60599500000000       2.000000000000000E-003 -0.357217270961174     
   3.60599500000000       0.302332916666667      -0.365119185829325     
   3.60599500000000       0.602665833333333      -0.370862044857579     
   3.60599500000000       0.902998750000000      -0.382690867258190     
   3.60599500000000        1.20333166666667      -0.392412830365498     
   3.60599500000000        1.50366458333333      -0.396648114945592     
   3.60599500000000        1.80399750000000      -0.395947350320474     
   3.60599500000000        2.10433041666667      -0.389610805475632     
   3.60599500000000        2.40466333333333      -0.378574416307593     
   3.60599500000000        2.70499625000000      -0.364487694927209     
   3.60599500000000        3.00532916666667      -0.348829419991939     
   3.60599500000000        3.30566208333333      -0.332465432899813     
   3.60599500000000        3.60599500000000      -0.315698618553679     
   3.60599500000000        3.90632791666667      -0.298727596438566     
   3.60599500000000        4.20666083333333      -0.282043077634810     
   3.60599500000000        4.50699375000000      -0.266257715924897     
   3.60599500000000        4.80732666666667      -0.251758742614275     
   3.60599500000000        5.10765958333333      -0.238552529887177     
   3.60599500000000        5.40799250000000      -0.226353095978940     
   3.60599500000000        5.70832541666667      -0.214865217214922     
   3.60599500000000        6.00865833333333      -0.204079284075283     
   3.60599500000000        6.30899125000000      -0.194182903338995     
   3.60599500000000        6.60932416666667      -0.185409971396585     
   3.60599500000000        6.90965708333333      -0.178279606552542     
   3.60599500000000        7.20999000000000      -0.172887752168414     
   3.90632791666667       2.000000000000000E-003 -0.341972364906872     
   3.90632791666667       0.302332916666667      -0.348051454981486     
   3.90632791666667       0.602665833333333      -0.346045922996665     
   3.90632791666667       0.902998750000000      -0.349795368356050     
   3.90632791666667        1.20333166666667      -0.355597209434499     
   3.90632791666667        1.50366458333333      -0.359304599638829     
   3.90632791666667        1.80399750000000      -0.359732141624636     
   3.90632791666667        2.10433041666667      -0.356089218721385     
   3.90632791666667        2.40466333333333      -0.348681613152061     
   3.90632791666667        2.70499625000000      -0.338417771601616     
   3.90632791666667        3.00532916666667      -0.326255080583463     
   3.90632791666667        3.30566208333333      -0.312886002262799     
   3.90632791666667        3.60599500000000      -0.298727647069524     
   3.90632791666667        3.90632791666667      -0.284170689129380     
   3.90632791666667        4.20666083333333      -0.269765481750754     
   3.90632791666667        4.50699375000000      -0.256038923721481     
   3.90632791666667        4.80732666666667      -0.243239588706096     
   3.90632791666667        5.10765958333333      -0.231290293182206     
   3.90632791666667        5.40799250000000      -0.219945320741184     
   3.90632791666667        5.70832541666667      -0.209047295884477     
   3.90632791666667        6.00865833333333      -0.198701430960346     
   3.90632791666667        6.30899125000000      -0.189238888365177     
   3.90632791666667        6.60932416666667      -0.181056519914240     
   3.90632791666667        6.90965708333333      -0.174517332649718     
   3.90632791666667        7.20999000000000      -0.168872385249114     
   4.20666083333333       2.000000000000000E-003 -0.319660632008556     
   4.20666083333333       0.302332916666667      -0.324914992335991     
   4.20666083333333       0.602665833333333      -0.321745231415526     
   4.20666083333333       0.902998750000000      -0.321441156644933     
   4.20666083333333        1.20333166666667      -0.324576294815580     
   4.20666083333333        1.50366458333333      -0.327639258484250     
   4.20666083333333        1.80399750000000      -0.328660072136475     
   4.20666083333333        2.10433041666667      -0.326757254735832     
   4.20666083333333        2.40466333333333      -0.321835053648785     
   4.20666083333333        2.70499625000000      -0.314314121764546     
   4.20666083333333        3.00532916666667      -0.304804175613511     
   4.20666083333333        3.30566208333333      -0.293882967939371     
   4.20666083333333        3.60599500000000      -0.282043236032781     
   4.20666083333333        3.90632791666667      -0.269765564281204     
   4.20666083333333        4.20666083333333      -0.257539737866987     
   4.20666083333333        4.50699375000000      -0.245732795181311     
   4.20666083333333        4.80732666666667      -0.234457883083553     
   4.20666083333333        5.10765958333333      -0.223605284316482     
   4.20666083333333        5.40799250000000      -0.213019652960393     
   4.20666083333333        5.70832541666667      -0.202699285910322     
   4.20666083333333        6.00865833333333      -0.192868430303512     
   4.20666083333333        6.30899125000000      -0.183896773211504     
   4.20666083333333        6.60932416666667      -0.176290333372331     
   4.20666083333333        6.90965708333333      -0.170173124367654     
   4.20666083333333        7.20999000000000      -0.164684998680193     
   4.50699375000000       2.000000000000000E-003 -0.288778017826845     
   4.50699375000000       0.302332916666667      -0.295459469669258     
   4.50699375000000       0.602665833333333      -0.295567620272864     
   4.50699375000000       0.902998750000000      -0.296083203100682     
   4.50699375000000        1.20333166666667      -0.298586170615128     
   4.50699375000000        1.50366458333333      -0.301122749025855     
   4.50699375000000        1.80399750000000      -0.302302434636256     
   4.50699375000000        2.10433041666667      -0.301330443242866     
   4.50699375000000        2.40466333333333      -0.297952948693946     
   4.50699375000000        2.70499625000000      -0.292333395580862     
   4.50699375000000        3.00532916666667      -0.284865454170035     
   4.50699375000000        3.30566208333333      -0.276016647140202     
   4.50699375000000        3.60599500000000      -0.266258085305086     
   4.50699375000000        3.90632791666667      -0.256039165073588     
   4.50699375000000        4.20666083333333      -0.245732906407752     
   4.50699375000000        4.50699375000000      -0.235560444437557     
   4.50699375000000        4.80732666666667      -0.225557209002367     
   4.50699375000000        5.10765958333333      -0.215644857423541     
   4.50699375000000        5.40799250000000      -0.205786503464807     
   4.50699375000000        5.70832541666667      -0.196115323541933     
   4.50699375000000        6.00865833333333      -0.186934571105696     
   4.50699375000000        6.30899125000000      -0.178577732134591     
   4.50699375000000        6.60932416666667      -0.171359048949148     
   4.50699375000000        6.90965708333333      -0.165316195272915     
   4.50699375000000        7.20999000000000      -0.159746138742183     
   4.80732666666667       2.000000000000000E-003 -0.259787777813145     
   4.80732666666667       0.302332916666667      -0.267308197378969     
   4.80732666666667       0.602665833333333      -0.270823347945375     
   4.80732666666667       0.902998750000000      -0.273561525989999     
   4.80732666666667        1.20333166666667      -0.276342384653590     
   4.80732666666667        1.50366458333333      -0.278679303722589     
   4.80732666666667        1.80399750000000      -0.279869675197401     
   4.80732666666667        2.10433041666667      -0.279380406948019     
   4.80732666666667        2.40466333333333      -0.276978517553190     
   4.80732666666667        2.70499625000000      -0.272721615064498     
   4.80732666666667        3.00532916666667      -0.266863651172877     
   4.80732666666667        3.30566208333333      -0.259751158982588     
   4.80732666666667        3.60599500000000      -0.251759449832660     
   4.80732666666667        3.90632791666667      -0.243240128927495     
   4.80732666666667        4.20666083333333      -0.234458211410345     
   4.80732666666667        4.50699375000000      -0.225557360893565     
   4.80732666666667        4.80732666666667      -0.216573033335872     
   4.80732666666667        5.10765958333333      -0.207505066068093     
   4.80732666666667        5.40799250000000      -0.198424538193302     
   4.80732666666667        5.70832541666667      -0.189536330043348     
   4.80732666666667        6.00865833333333      -0.181138834895313     
   4.80732666666667        6.30899125000000      -0.173498519276396     
   4.80732666666667        6.60932416666667      -0.166727303125971     
   4.80732666666667        6.90965708333333      -0.160725232007258     
   4.80732666666667        7.20999000000000      -0.155134855906870     
   5.10765958333333       2.000000000000000E-003 -0.236965779476717     
   5.10765958333333       0.302332916666667      -0.244588153151557     
   5.10765958333333       0.602665833333333      -0.249944231453210     
   5.10765958333333       0.902998750000000      -0.253937306104076     
   5.10765958333333        1.20333166666667      -0.257090735645909     
   5.10765958333333        1.50366458333333      -0.259401297660556     
   5.10765958333333        1.80399750000000      -0.260607347789453     
   5.10765958333333        2.10433041666667      -0.260432607567258     
   5.10765958333333        2.40466333333333      -0.258727571796183     
   5.10765958333333        2.70499625000000      -0.255507650560965     
   5.10765958333333        3.00532916666667      -0.250918468749019     
   5.10765958333333        3.30566208333333      -0.245181323136655     
   5.10765958333333        3.60599500000000      -0.238553647217323     
   5.10765958333333        3.90632791666667      -0.231291286546535     
   5.10765958333333        4.20666083333333      -0.223606003661237     
   5.10765958333333        4.50699375000000      -0.215645298009731     
   5.10765958333333        4.80732666666667      -0.207505286077134     
   5.10765958333333        5.10765958333333      -0.199273902925628     
   5.10765958333333        5.40799250000000      -0.191083614998414     
   5.10765958333333        5.70832541666667      -0.183129991446949     
   5.10765958333333        6.00865833333333      -0.175629994079418     
   5.10765958333333        6.30899125000000      -0.168740416442079     
   5.10765958333333        6.60932416666667      -0.162488733869767     
   5.10765958333333        6.90965708333333      -0.156759137705771     
   5.10765958333333        7.20999000000000      -0.151348540352130     
   5.40799250000000       2.000000000000000E-003 -0.220559514399437     
   5.40799250000000       0.302332916666667      -0.227519753968609     
   5.40799250000000       0.602665833333333      -0.232968323252854     
   5.40799250000000       0.902998750000000      -0.237258741304465     
   5.40799250000000        1.20333166666667      -0.240496237786820     
   5.40799250000000        1.50366458333333      -0.242720748684646     
   5.40799250000000        1.80399750000000      -0.243906841668191     
   5.40799250000000        2.10433041666667      -0.243953580591421     
   5.40799250000000        2.40466333333333      -0.242777153674950     
   5.40799250000000        2.70499625000000      -0.240357240437236     
   5.40799250000000        3.00532916666667      -0.236738287773987     
   5.40799250000000        3.30566208333333      -0.232019475724165     
   5.40799250000000        3.60599500000000      -0.226354565322728     
   5.40799250000000        3.90632791666667      -0.219946843297490     
   5.40799250000000        4.20666083333333      -0.213020921414198     
   5.40799250000000        4.50699375000000      -0.205787415634147     
   5.40799250000000        4.80732666666667      -0.198425143961406     
   5.40799250000000        5.10765958333333      -0.191083979623694     
   5.40799250000000        5.40799250000000      -0.183896471989125     
   5.40799250000000        5.70832541666667      -0.176982038839715     
   5.40799250000000        6.00865833333333      -0.170435975392075     
   5.40799250000000        6.30899125000000      -0.164312700321482     
   5.40799250000000        6.60932416666667      -0.158631113357014     
   5.40799250000000        6.90965708333333      -0.153325578161586     
   5.40799250000000        7.20999000000000      -0.148347868979673     
   5.70832541666667       2.000000000000000E-003 -0.210193879472223     
   5.70832541666667       0.302332916666667      -0.215820742200896     
   5.70832541666667       0.602665833333333      -0.220182064718139     
   5.70832541666667       0.902998750000000      -0.223724728537231     
   5.70832541666667        1.20333166666667      -0.226448647879421     
   5.70832541666667        1.50366458333333      -0.228295019711149     
   5.70832541666667        1.80399750000000      -0.229275135690876     
   5.70832541666667        2.10433041666667      -0.229382330184558     
   5.70832541666667        2.40466333333333      -0.228554354942443     
   5.70832541666667        2.70499625000000      -0.226723611872572     
   5.70832541666667        3.00532916666667      -0.223833695168448     
   5.70832541666667        3.30566208333333      -0.219860681852938     
   5.70832541666667        3.60599500000000      -0.214866928745748     
   5.70832541666667        3.90632791666667      -0.209049296133712     
   5.70832541666667        4.20666083333333      -0.202701156315954     
   5.70832541666667        4.50699375000000      -0.196116844715334     
   5.70832541666667        4.80732666666667      -0.189537504973494     
   5.70832541666667        5.10765958333333      -0.183131010403914     
   5.70832541666667        5.40799250000000      -0.176982896004236     
   5.70832541666667        5.70832541666667      -0.171107170961543     
   5.70832541666667        6.00865833333333      -0.165483601346785     
   5.70832541666667        6.30899125000000      -0.160179108256586     
   5.70832541666667        6.60932416666667      -0.155178951351534     
   5.70832541666667        6.90965708333333      -0.150387960232914     
   5.70832541666667        7.20999000000000      -0.145847744302091     
   6.00865833333333       2.000000000000000E-003 -0.205285292542944     
   6.00865833333333       0.302332916666667      -0.208595512982120     
   6.00865833333333       0.602665833333333      -0.210840027794549     
   6.00865833333333       0.902998750000000      -0.212992403730158     
   6.00865833333333        1.20333166666667      -0.214785749680036     
   6.00865833333333        1.50366458333333      -0.215824112507438     
   6.00865833333333        1.80399750000000      -0.216299717344715     
   6.00865833333333        2.10433041666667      -0.216239618295472     
   6.00865833333333        2.40466333333333      -0.215566696335111     
   6.00865833333333        2.70499625000000      -0.214167056442924     
   6.00865833333333        3.00532916666667      -0.211892110717548     
   6.00865833333333        3.30566208333333      -0.208557853960936     
   6.00865833333333        3.60599500000000      -0.204090397137046     
   6.00865833333333        3.90632791666667      -0.198703787534380     
   6.00865833333333        4.20666083333333      -0.192871051121065     
   6.00865833333333        4.50699375000000      -0.186936738112760     
   6.00865833333333        4.80732666666667      -0.181140630938037     
   6.00865833333333        5.10765958333333      -0.175631969133236     
   6.00865833333333        5.40799250000000      -0.170438584516743     
   6.00865833333333        5.70832541666667      -0.165486187360391     
   6.00865833333333        6.00865833333333      -0.160792003337951     
   6.00865833333333        6.30899125000000      -0.156294757931364     
   6.00865833333333        6.60932416666667      -0.151958892353984     
   6.00865833333333        6.90965708333333      -0.147682968703561     
   6.00865833333333        7.20999000000000      -0.143306695601801     
   6.30899125000000       2.000000000000000E-003 -0.204555872736097     
   6.30899125000000       0.302332916666667      -0.204382609993050     
   6.30899125000000       0.602665833333333      -0.203442744603033     
   6.30899125000000       0.902998750000000      -0.204094717386911     
   6.30899125000000        1.20333166666667      -0.204795853674188     
   6.30899125000000        1.50366458333333      -0.204914765049686     
   6.30899125000000        1.80399750000000      -0.204647670420178     
   6.30899125000000        2.10433041666667      -0.204233042319697     
   6.30899125000000        2.40466333333333      -0.203580780354519     
   6.30899125000000        2.70499625000000      -0.202570464550927     
   6.30899125000000        3.00532916666667      -0.200945656394590     
   6.30899125000000        3.30566208333333      -0.198212560534572     
   6.30899125000000        3.60599500000000      -0.194194270015714     
   6.30899125000000        3.90632791666667      -0.189241352952127     
   6.30899125000000        4.20666083333333      -0.183901064024267     
   6.30899125000000        4.50699375000000      -0.178575893481297     
   6.30899125000000        4.80732666666667      -0.173500689857259     
   6.30899125000000        5.10765958333333      -0.168743303373098     
   6.30899125000000        5.40799250000000      -0.164318085208790     
   6.30899125000000        5.70832541666667      -0.160185049612897     
   6.30899125000000        6.00865833333333      -0.156297090171937     
   6.30899125000000        6.30899125000000      -0.152543887751137     
   6.30899125000000        6.60932416666667      -0.148820839757317     
   6.30899125000000        6.90965708333333      -0.145009639085991     
   6.30899125000000        7.20999000000000      -0.140911397837429     
   6.60932416666667       2.000000000000000E-003 -0.205293527769565     
   6.60932416666667       0.302332916666667      -0.199571586461352     
   6.60932416666667       0.602665833333333      -0.196074346007207     
   6.60932416666667       0.902998750000000      -0.196246336112042     
   6.60932416666667        1.20333166666667      -0.196038973164751     
   6.60932416666667        1.50366458333333      -0.195146102915909     
   6.60932416666667        1.80399750000000      -0.194085138548907     
   6.60932416666667        2.10433041666667      -0.193263405596150     
   6.60932416666667        2.40466333333333      -0.192600685261805     
   6.60932416666667        2.70499625000000      -0.192005916239369     
   6.60932416666667        3.00532916666667      -0.191081203382761     
   6.60932416666667        3.30566208333333      -0.188956128523568     
   6.60932416666667        3.60599500000000      -0.185414290158976     
   6.60932416666667        3.90632791666667      -0.181059324849595     
   6.60932416666667        4.20666083333333      -0.176277796349463     
   6.60932416666667        4.50699375000000      -0.171362650126284     
   6.60932416666667        4.80732666666667      -0.166728904905173     
   6.60932416666667        5.10765958333333      -0.162491255397585     
   6.60932416666667        5.40799250000000      -0.158638128069937     
   6.60932416666667        5.70832541666667      -0.155185965490919     
   6.60932416666667        6.00865833333333      -0.151962130057322     
   6.60932416666667        6.30899125000000      -0.148816832656430     
   6.60932416666667        6.60932416666667      -0.145688981378808     
   6.60932416666667        6.90965708333333      -0.142300183665945     
   6.60932416666667        7.20999000000000      -0.138473701254695     
   6.90965708333333       2.000000000000000E-003 -0.196887110688704     
   6.90965708333333       0.302332916666667      -0.190192329186617     
   6.90965708333333       0.602665833333333      -0.189380518737543     
   6.90965708333333       0.902998750000000      -0.189254759221114     
   6.90965708333333        1.20333166666667      -0.187908861602880     
   6.90965708333333        1.50366458333333      -0.186105710896514     
   6.90965708333333        1.80399750000000      -0.184447271996565     
   6.90965708333333        2.10433041666667      -0.183328749752751     
   6.90965708333333        2.40466333333333      -0.182696320151300     
   6.90965708333333        2.70499625000000      -0.182557728395881     
   6.90965708333333        3.00532916666667      -0.182385593260238     
   6.90965708333333        3.30566208333333      -0.181081361899234     
   6.90965708333333        3.60599500000000      -0.178281682603122     
   6.90965708333333        3.90632791666667      -0.174511718988677     
   6.90965708333333        4.20666083333333      -0.170175077428091     
   6.90965708333333        4.50699375000000      -0.165317081165678     
   6.90965708333333        4.80732666666667      -0.160725219534065     
   6.90965708333333        5.10765958333333      -0.156757011412036     
   6.90965708333333        5.40799250000000      -0.153325259100551     
   6.90965708333333        5.70832541666667      -0.150389548709704     
   6.90965708333333        6.00865833333333      -0.147681391197196     
   6.90965708333333        6.30899125000000      -0.145004481063638     
   6.90965708333333        6.60932416666667      -0.142296384447702     
   6.90965708333333        6.90965708333333      -0.139744052679126     
   6.90965708333333        7.20999000000000      -0.136704895171673     
   7.20999000000000       2.000000000000000E-003 -0.180809637899501     
   7.20999000000000       0.302332916666667      -0.184383303411485     
   7.20999000000000       0.602665833333333      -0.183196710078049     
   7.20999000000000       0.902998750000000      -0.181564524315173     
   7.20999000000000        1.20333166666667      -0.179564599299394     
   7.20999000000000        1.50366458333333      -0.177458009547035     
   7.20999000000000        1.80399750000000      -0.175589171373662     
   7.20999000000000        2.10433041666667      -0.174405435323728     
   7.20999000000000        2.40466333333333      -0.173860112791994     
   7.20999000000000        2.70499625000000      -0.174093681868953     
   7.20999000000000        3.00532916666667      -0.174550228243515     
   7.20999000000000        3.30566208333333      -0.173985060086563     
   7.20999000000000        3.60599500000000      -0.172888231289665     
   7.20999000000000        3.90632791666667      -0.168872696299269     
   7.20999000000000        4.20666083333333      -0.164685991275949     
   7.20999000000000        4.50699375000000      -0.159747519667977     
   7.20999000000000        4.80732666666667      -0.155132055516381     
   7.20999000000000        5.10765958333333      -0.151333703172198     
   7.20999000000000        5.40799250000000      -0.148213169275314     
   7.20999000000000        5.70832541666667      -0.145605060628452     
   7.20999000000000        6.00865833333333      -0.143317664226512     
   7.20999000000000        6.30899125000000      -0.141032446023483     
   7.20999000000000        6.60932416666667      -0.138663437859644     
   7.20999000000000        6.90965708333333      -0.136763377497542     
   7.20999000000000        7.20999000000000      -0.134178206785383     
