  2.000000000000000E-003  2.000000000000000E-003  -2.35615199718411     
  2.000000000000000E-003  0.302332916666667       -2.23258829389571     
  2.000000000000000E-003  0.602665833333333       -1.85513352644709     
  2.000000000000000E-003  0.902998750000000       -1.35832714857899     
  2.000000000000000E-003   1.20333166666667      -0.995781662156264     
  2.000000000000000E-003   1.50366458333333      -0.758795888048181     
  2.000000000000000E-003   1.80399750000000      -0.604139393311771     
  2.000000000000000E-003   2.10433041666667      -0.503909371955341     
  2.000000000000000E-003   2.40466333333333      -0.437233884217175     
  2.000000000000000E-003   2.70499625000000      -0.394201543875386     
  2.000000000000000E-003   3.00532916666667      -0.363737054597937     
  2.000000000000000E-003   3.30566208333333      -0.331332808421411     
  2.000000000000000E-003   3.60599500000000      -0.300521805420733     
  2.000000000000000E-003   3.90632791666667      -0.273845997761393     
  2.000000000000000E-003   4.20666083333333      -0.251186986914161     
  2.000000000000000E-003   4.50699375000000      -0.233095111988094     
  2.000000000000000E-003   4.80732666666667      -0.217299610023731     
  2.000000000000000E-003   5.10765958333333      -0.203026375404632     
  2.000000000000000E-003   5.40799250000000      -0.190375438588756     
  2.000000000000000E-003   5.70832541666667      -0.176500258081964     
  2.000000000000000E-003   6.00865833333333      -0.162662697510629     
  2.000000000000000E-003   6.30899125000000      -0.150571461017608     
  2.000000000000000E-003   6.60932416666667      -0.139666425670706     
  2.000000000000000E-003   6.90965708333333      -0.138198167050518     
  2.000000000000000E-003   7.20999000000000      -0.139770967898465     
  0.302332916666667       2.000000000000000E-003  -2.23250368718732     
  0.302332916666667       0.302332916666667       -2.01418254527538     
  0.302332916666667       0.602665833333333       -1.65611771673557     
  0.302332916666667       0.902998750000000       -1.25632701495442     
  0.302332916666667        1.20333166666667      -0.946638535629699     
  0.302332916666667        1.50366458333333      -0.735009738170192     
  0.302332916666667        1.80399750000000      -0.592829441415375     
  0.302332916666667        2.10433041666667      -0.497592987383797     
  0.302332916666667        2.40466333333333      -0.432945311663078     
  0.302332916666667        2.70499625000000      -0.390117745389085     
  0.302332916666667        3.00532916666667      -0.359147116906253     
  0.302332916666667        3.30566208333333      -0.327599257550229     
  0.302332916666667        3.60599500000000      -0.294463431178171     
  0.302332916666667        3.90632791666667      -0.269028642773196     
  0.302332916666667        4.20666083333333      -0.248605589975801     
  0.302332916666667        4.50699375000000      -0.231536344177459     
  0.302332916666667        4.80732666666667      -0.216315857964055     
  0.302332916666667        5.10765958333333      -0.202528431862257     
  0.302332916666667        5.40799250000000      -0.190166245243385     
  0.302332916666667        5.70832541666667      -0.178334218724407     
  0.302332916666667        6.00865833333333      -0.166850990082257     
  0.302332916666667        6.30899125000000      -0.156589395755082     
  0.302332916666667        6.60932416666667      -0.149716891170376     
  0.302332916666667        6.90965708333333      -0.145134192649752     
  0.302332916666667        7.20999000000000      -0.134311723064462     
  0.602665833333333       2.000000000000000E-003  -1.85494539728182     
  0.602665833333333       0.302332916666667       -1.65612062825398     
  0.602665833333333       0.602665833333333       -1.34156948009865     
  0.602665833333333       0.902998750000000       -1.06319105680425     
  0.602665833333333        1.20333166666667      -0.843710549066276     
  0.602665833333333        1.50366458333333      -0.680649005430871     
  0.602665833333333        1.80399750000000      -0.563274424658233     
  0.602665833333333        2.10433041666667      -0.480285766526917     
  0.602665833333333        2.40466333333333      -0.421105134037287     
  0.602665833333333        2.70499625000000      -0.379352500459506     
  0.602665833333333        3.00532916666667      -0.347842467387900     
  0.602665833333333        3.30566208333333      -0.318122052450779     
  0.602665833333333        3.60599500000000      -0.288278138729050     
  0.602665833333333        3.90632791666667      -0.263323441674188     
  0.602665833333333        4.20666083333333      -0.244062482410059     
  0.602665833333333        4.50699375000000      -0.228213844007318     
  0.602665833333333        4.80732666666667      -0.214055688113927     
  0.602665833333333        5.10765958333333      -0.201241978154246     
  0.602665833333333        5.40799250000000      -0.189470143568547     
  0.602665833333333        5.70832541666667      -0.178340541284516     
  0.602665833333333        6.00865833333333      -0.167940100587967     
  0.602665833333333        6.30899125000000      -0.159200825547062     
  0.602665833333333        6.60932416666667      -0.151504127223804     
  0.602665833333333        6.90965708333333      -0.144878435053091     
  0.602665833333333        7.20999000000000      -0.129766319182731     
  0.902998750000000       2.000000000000000E-003  -1.35813057986512     
  0.902998750000000       0.302332916666667       -1.25633472521750     
  0.902998750000000       0.602665833333333       -1.06319573229247     
  0.902998750000000       0.902998750000000      -0.881004547281060     
  0.902998750000000        1.20333166666667      -0.732264169631895     
  0.902998750000000        1.50366458333333      -0.614653176622269     
  0.902998750000000        1.80399750000000      -0.524262396019072     
  0.902998750000000        2.10433041666667      -0.455784567647578     
  0.902998750000000        2.40466333333333      -0.404145593858555     
  0.902998750000000        2.70499625000000      -0.365243249344911     
  0.902998750000000        3.00532916666667      -0.334521566938034     
  0.902998750000000        3.30566208333333      -0.306976383487220     
  0.902998750000000        3.60599500000000      -0.280882096059438     
  0.902998750000000        3.90632791666667      -0.258096131753774     
  0.902998750000000        4.20666083333333      -0.239691910570128     
  0.902998750000000        4.50699375000000      -0.224618109486676     
  0.902998750000000        4.80732666666667      -0.211386767148968     
  0.902998750000000        5.10765958333333      -0.199368156368989     
  0.902998750000000        5.40799250000000      -0.188180797167072     
  0.902998750000000        5.70832541666667      -0.177659854131465     
  0.902998750000000        6.00865833333333      -0.167999992163382     
  0.902998750000000        6.30899125000000      -0.159688314485380     
  0.902998750000000        6.60932416666667      -0.151944365087448     
  0.902998750000000        6.90965708333333      -0.143819661810119     
  0.902998750000000        7.20999000000000      -0.132567710641923     
   1.20333166666667       2.000000000000000E-003 -0.995522040017876     
   1.20333166666667       0.302332916666667      -0.946646061987962     
   1.20333166666667       0.602665833333333      -0.843711948915435     
   1.20333166666667       0.902998750000000      -0.732265899566379     
   1.20333166666667        1.20333166666667      -0.633046168350731     
   1.20333166666667        1.50366458333333      -0.550361877375072     
   1.20333166666667        1.80399750000000      -0.482672041784584     
   1.20333166666667        2.10433041666667      -0.427920388903110     
   1.20333166666667        2.40466333333333      -0.384489925706731     
   1.20333166666667        2.70499625000000      -0.349897299118966     
   1.20333166666667        3.00532916666667      -0.321258453475662     
   1.20333166666667        3.30566208333333      -0.296001022188992     
   1.20333166666667        3.60599500000000      -0.272912226912527     
   1.20333166666667        3.90632791666667      -0.252531302274915     
   1.20333166666667        4.20666083333333      -0.235416112382371     
   1.20333166666667        4.50699375000000      -0.220999193658657     
   1.20333166666667        4.80732666666667      -0.208422274924556     
   1.20333166666667        5.10765958333333      -0.196995198055815     
   1.20333166666667        5.40799250000000      -0.186284634340545     
   1.20333166666667        5.70832541666667      -0.176199263776706     
   1.20333166666667        6.00865833333333      -0.167144023914534     
   1.20333166666667        6.30899125000000      -0.158485778630870     
   1.20333166666667        6.60932416666667      -0.150786978714588     
   1.20333166666667        6.90965708333333      -0.143513181394657     
   1.20333166666667        7.20999000000000      -0.134008923485582     
   1.50366458333333       2.000000000000000E-003 -0.758617153943993     
   1.50366458333333       0.302332916666667      -0.735013066133354     
   1.50366458333333       0.602665833333333      -0.680649997864873     
   1.50366458333333       0.902998750000000      -0.614653871823572     
   1.50366458333333        1.20333166666667      -0.550362140506252     
   1.50366458333333        1.50366458333333      -0.492683992686225     
   1.50366458333333        1.80399750000000      -0.442248699235247     
   1.50366458333333        2.10433041666667      -0.399482291462020     
   1.50366458333333        2.40466333333333      -0.363865119300726     
   1.50366458333333        2.70499625000000      -0.334021857456082     
   1.50366458333333        3.00532916666667      -0.308294220063801     
   1.50366458333333        3.30566208333333      -0.285359557632337     
   1.50366458333333        3.60599500000000      -0.264664245548778     
   1.50366458333333        3.90632791666667      -0.246336275566375     
   1.50366458333333        4.20666083333333      -0.230538358852400     
   1.50366458333333        4.50699375000000      -0.216987773645902     
   1.50366458333333        4.80732666666667      -0.205062913758887     
   1.50366458333333        5.10765958333333      -0.194133628096237     
   1.50366458333333        5.40799250000000      -0.183817809070034     
   1.50366458333333        5.70832541666667      -0.174069831505991     
   1.50366458333333        6.00865833333333      -0.165009696929320     
   1.50366458333333        6.30899125000000      -0.156798407487726     
   1.50366458333333        6.60932416666667      -0.149429287366756     
   1.50366458333333        6.90965708333333      -0.142751018949480     
   1.50366458333333        7.20999000000000      -0.135384077147881     
   1.80399750000000       2.000000000000000E-003 -0.604130067664884     
   1.80399750000000       0.302332916666667      -0.592830448493132     
   1.80399750000000       0.602665833333333      -0.563275023256073     
   1.80399750000000       0.902998750000000      -0.524262448699560     
   1.80399750000000        1.20333166666667      -0.482672040323498     
   1.80399750000000        1.50366458333333      -0.442248668963982     
   1.80399750000000        1.80399750000000      -0.405114352438601     
   1.80399750000000        2.10433041666667      -0.372153188613120     
   1.80399750000000        2.40466333333333      -0.343314137357527     
   1.80399750000000        2.70499625000000      -0.317948109127429     
   1.80399750000000        3.00532916666667      -0.295252090004952     
   1.80399750000000        3.30566208333333      -0.274668286322897     
   1.80399750000000        3.60599500000000      -0.256051719828090     
   1.80399750000000        3.90632791666667      -0.239517975218957     
   1.80399750000000        4.20666083333333      -0.225099142439097     
   1.80399750000000        4.50699375000000      -0.212516551898080     
   1.80399750000000        4.80732666666667      -0.201248644608196     
   1.80399750000000        5.10765958333333      -0.190784218420421     
   1.80399750000000        5.40799250000000      -0.180844815682190     
   1.80399750000000        5.70832541666667      -0.171433128360630     
   1.80399750000000        6.00865833333333      -0.162702681232641     
   1.80399750000000        6.30899125000000      -0.154784972245243     
   1.80399750000000        6.60932416666667      -0.147698679951685     
   1.80399750000000        6.90965708333333      -0.141381293903024     
   1.80399750000000        7.20999000000000      -0.135823556090133     
   2.10433041666667       2.000000000000000E-003 -0.503909542994553     
   2.10433041666667       0.302332916666667      -0.497593080673546     
   2.10433041666667       0.602665833333333      -0.480285757230081     
   2.10433041666667       0.902998750000000      -0.455784433038867     
   2.10433041666667        1.20333166666667      -0.427920250066148     
   2.10433041666667        1.50366458333333      -0.399482189444097     
   2.10433041666667        1.80399750000000      -0.372153138758056     
   2.10433041666667        2.10433041666667      -0.346730169366681     
   2.10433041666667        2.40466333333333      -0.323374075505718     
   2.10433041666667        2.70499625000000      -0.301895820145609     
   2.10433041666667        3.00532916666667      -0.282056153606015     
   2.10433041666667        3.30566208333333      -0.263773950775263     
   2.10433041666667        3.60599500000000      -0.247149759088174     
   2.10433041666667        3.90632791666667      -0.232313133056689     
   2.10433041666667        4.20666083333333      -0.219222438903077     
   2.10433041666667        4.50699375000000      -0.207584156840959     
   2.10433041666667        4.80732666666667      -0.196960008833307     
   2.10433041666667        5.10765958333333      -0.186974087901770     
   2.10433041666667        5.40799250000000      -0.177465249888363     
   2.10433041666667        5.70832541666667      -0.168487216797345     
   2.10433041666667        6.00865833333333      -0.160180064592184     
   2.10433041666667        6.30899125000000      -0.152627551615331     
   2.10433041666667        6.60932416666667      -0.145812014287478     
   2.10433041666667        6.90965708333333      -0.139702638336542     
   2.10433041666667        7.20999000000000      -0.134336616968618     
   2.40466333333333       2.000000000000000E-003 -0.437233526586125     
   2.40466333333333       0.302332916666667      -0.432944983927739     
   2.40466333333333       0.602665833333333      -0.421104837431511     
   2.40466333333333       0.902998750000000      -0.404145324800838     
   2.40466333333333        1.20333166666667      -0.384489707332372     
   2.40466333333333        1.50366458333333      -0.363864967222102     
   2.40466333333333        1.80399750000000      -0.343314050624585     
   2.40466333333333        2.10433041666667      -0.323374040930701     
   2.40466333333333        2.40466333333333      -0.304257050246146     
   2.40466333333333        2.70499625000000      -0.286036286941438     
   2.40466333333333        3.00532916666667      -0.268803502320465     
   2.40466333333333        3.30566208333333      -0.252734173406232     
   2.40466333333333        3.60599500000000      -0.238032737173499     
   2.40466333333333        3.90632791666667      -0.224804302732600     
   2.40466333333333        4.20666083333333      -0.212955156382539     
   2.40466333333333        4.50699375000000      -0.202206310259864     
   2.40466333333333        4.80732666666667      -0.192222769774574     
   2.40466333333333        5.10765958333333      -0.182770888551164     
   2.40466333333333        5.40799250000000      -0.173796806022226     
   2.40466333333333        5.70832541666667      -0.165381640229838     
   2.40466333333333        6.00865833333333      -0.157615999363154     
   2.40466333333333        6.30899125000000      -0.150489873457812     
   2.40466333333333        6.60932416666667      -0.143899136544996     
   2.40466333333333        6.90965708333333      -0.137839486692004     
   2.40466333333333        7.20999000000000      -0.132587871253168     
   2.70499625000000       2.000000000000000E-003 -0.394200862056761     
   2.70499625000000       0.302332916666667      -0.390117178083821     
   2.70499625000000       0.602665833333333      -0.379352019475574     
   2.70499625000000       0.902998750000000      -0.365242862290033     
   2.70499625000000        1.20333166666667      -0.349897029925506     
   2.70499625000000        1.50366458333333      -0.334021680797853     
   2.70499625000000        1.80399750000000      -0.317948004347840     
   2.70499625000000        2.10433041666667      -0.301895766292953     
   2.70499625000000        2.40466333333333      -0.286036264891405     
   2.70499625000000        2.70499625000000      -0.270555103373336     
   2.70499625000000        3.00532916666667      -0.255691304655290     
   2.70499625000000        3.30566208333333      -0.241711117512024     
   2.70499625000000        3.60599500000000      -0.228821718890829     
   2.70499625000000        3.90632791666667      -0.217080150933164     
   2.70499625000000        4.20666083333333      -0.206366915862805     
   2.70499625000000        4.50699375000000      -0.196453476627886     
   2.70499625000000        4.80732666666667      -0.187126264278753     
   2.70499625000000        5.10765958333333      -0.178286071530329     
   2.70499625000000        5.40799250000000      -0.169962663542518     
   2.70499625000000        5.70832541666667      -0.162241773839800     
   2.70499625000000        6.00865833333333      -0.155149445079130     
   2.70499625000000        6.30899125000000      -0.148539554875361     
   2.70499625000000        6.60932416666667      -0.142205828755396     
   2.70499625000000        6.90965708333333      -0.136206361511475     
   2.70499625000000        7.20999000000000      -0.131005002072175     
   3.00532916666667       2.000000000000000E-003 -0.363736216276480     
   3.00532916666667       0.302332916666667      -0.359146477308881     
   3.00532916666667       0.602665833333333      -0.347841967965736     
   3.00532916666667       0.902998750000000      -0.334521135918112     
   3.00532916666667        1.20333166666667      -0.321258157205489     
   3.00532916666667        1.50366458333333      -0.308294036358838     
   3.00532916666667        1.80399750000000      -0.295251978422589     
   3.00532916666667        2.10433041666667      -0.282056086230046     
   3.00532916666667        2.40466333333333      -0.268803461317726     
   3.00532916666667        2.70499625000000      -0.255691283401509     
   3.00532916666667        3.00532916666667      -0.242978994753353     
   3.00532916666667        3.30566208333333      -0.230920117881366     
   3.00532916666667        3.60599500000000      -0.219677905283336     
   3.00532916666667        3.90632791666667      -0.209269345435781     
   3.00532916666667        4.20666083333333      -0.199581878935583     
   3.00532916666667        4.50699375000000      -0.190462546128247     
   3.00532916666667        4.80732666666667      -0.181817893462928     
   3.00532916666667        5.10765958333333      -0.173657571504066     
   3.00532916666667        5.40799250000000      -0.166065344933150     
   3.00532916666667        5.70832541666667      -0.159124770852892     
   3.00532916666667        6.00865833333333      -0.152835923290265     
   3.00532916666667        6.30899125000000      -0.147046211897733     
   3.00532916666667        6.60932416666667      -0.141395188189770     
   3.00532916666667        6.90965708333333      -0.135428473573796     
   3.00532916666667        7.20999000000000      -0.130025648979139     
   3.30566208333333       2.000000000000000E-003 -0.331332017079353     
   3.30566208333333       0.302332916666667      -0.327598654887910     
   3.30566208333333       0.602665833333333      -0.318121602194611     
   3.30566208333333       0.902998750000000      -0.306975990301877     
   3.30566208333333        1.20333166666667      -0.296000734803536     
   3.30566208333333        1.50366458333333      -0.285359379097750     
   3.30566208333333        1.80399750000000      -0.274668169673622     
   3.30566208333333        2.10433041666667      -0.263773869012011     
   3.30566208333333        2.40466333333333      -0.252734111636768     
   3.30566208333333        2.70499625000000      -0.241711072400226     
   3.30566208333333        3.00532916666667      -0.230920093832656     
   3.30566208333333        3.30566208333333      -0.220561909691287     
   3.30566208333333        3.60599500000000      -0.210757207844371     
   3.30566208333333        3.90632791666667      -0.201513787759161     
   3.30566208333333        4.20666083333333      -0.192753727501316     
   3.30566208333333        4.50699375000000      -0.184403449335054     
   3.30566208333333        4.80732666666667      -0.176464162031433     
   3.30566208333333        5.10765958333333      -0.169013535693839     
   3.30566208333333        5.40799250000000      -0.162158493708545     
   3.30566208333333        5.70832541666667      -0.155985450182871     
   3.30566208333333        6.00865833333333      -0.150555183605917     
   3.30566208333333        6.30899125000000      -0.145866009786040     
   3.30566208333333        6.60932416666667      -0.141318559794341     
   3.30566208333333        6.90965708333333      -0.135771021434454     
   3.30566208333333        7.20999000000000      -0.130157022057946     
   3.60599500000000       2.000000000000000E-003 -0.300521193165149     
   3.60599500000000       0.302332916666667      -0.294462988851410     
   3.60599500000000       0.602665833333333      -0.288277800715261     
   3.60599500000000       0.902998750000000      -0.280881781302588     
   3.60599500000000        1.20333166666667      -0.272911996421229     
   3.60599500000000        1.50366458333333      -0.264664081116391     
   3.60599500000000        1.80399750000000      -0.256051598557158     
   3.60599500000000        2.10433041666667      -0.247149662629958     
   3.60599500000000        2.40466333333333      -0.238032655439300     
   3.60599500000000        2.70499625000000      -0.228821652172253     
   3.60599500000000        3.00532916666667      -0.219677858846876     
   3.60599500000000        3.30566208333333      -0.210757184934130     
   3.60599500000000        3.60599500000000      -0.202164342357654     
   3.60599500000000        3.90632791666667      -0.193927975422287     
   3.60599500000000        4.20666083333333      -0.186018471280736     
   3.60599500000000        4.50699375000000      -0.178424319718623     
   3.60599500000000        4.80732666666667      -0.171197802708860     
   3.60599500000000        5.10765958333333      -0.164436717813680     
   3.60599500000000        5.40799250000000      -0.158240461136925     
   3.60599500000000        5.70832541666667      -0.152690608753970     
   3.60599500000000        6.00865833333333      -0.147913578620732     
   3.60599500000000        6.30899125000000      -0.144004888912888     
   3.60599500000000        6.60932416666667      -0.140358347591757     
   3.60599500000000        6.90965708333333      -0.135670311086490     
   3.60599500000000        7.20999000000000      -0.131273122286131     
   3.90632791666667       2.000000000000000E-003 -0.273845162558511     
   3.90632791666667       0.302332916666667      -0.269028210366235     
   3.90632791666667       0.602665833333333      -0.263323185360365     
   3.90632791666667       0.902998750000000      -0.258095914628228     
   3.90632791666667        1.20333166666667      -0.252531135734918     
   3.90632791666667        1.50366458333333      -0.246336127299515     
   3.90632791666667        1.80399750000000      -0.239517853289212     
   3.90632791666667        2.10433041666667      -0.232313028637446     
   3.90632791666667        2.40466333333333      -0.224804209713879     
   3.90632791666667        2.70499625000000      -0.217080070966147     
   3.90632791666667        3.00532916666667      -0.209269283323938     
   3.90632791666667        3.30566208333333      -0.201513746634513     
   3.90632791666667        3.60599500000000      -0.193927955413236     
   3.90632791666667        3.90632791666667      -0.186571949530825     
   3.90632791666667        4.20666083333333      -0.179460163500169     
   3.90632791666667        4.50699375000000      -0.172612389077026     
   3.90632791666667        4.80732666666667      -0.166084160869794     
   3.90632791666667        5.10765958333333      -0.159951981833164     
   3.90632791666667        5.40799250000000      -0.154284249695026     
   3.90632791666667        5.70832541666667      -0.149136142434423     
   3.90632791666667        6.00865833333333      -0.144598560922456     
   3.90632791666667        6.30899125000000      -0.140722699705192     
   3.90632791666667        6.60932416666667      -0.136872533816141     
   3.90632791666667        6.90965708333333      -0.131816481092751     
   3.90632791666667        7.20999000000000      -0.126357198402826     
   4.20666083333333       2.000000000000000E-003 -0.251186140359997     
   4.20666083333333       0.302332916666667      -0.248605138816090     
   4.20666083333333       0.602665833333333      -0.244062254578162     
   4.20666083333333       0.902998750000000      -0.239691752791697     
   4.20666083333333        1.20333166666667      -0.235415960114779     
   4.20666083333333        1.50366458333333      -0.230538221574318     
   4.20666083333333        1.80399750000000      -0.225099027728105     
   4.20666083333333        2.10433041666667      -0.219222338817715     
   4.20666083333333        2.40466333333333      -0.212955065546712     
   4.20666083333333        2.70499625000000      -0.206366833943027     
   4.20666083333333        3.00532916666667      -0.199581809108246     
   4.20666083333333        3.30566208333333      -0.192753672181646     
   4.20666083333333        3.60599500000000      -0.186018431944399     
   4.20666083333333        3.90632791666667      -0.179460140952172     
   4.20666083333333        4.20666083333333      -0.173112728961073     
   4.20666083333333        4.50699375000000      -0.166992341336243     
   4.20666083333333        4.80732666666667      -0.161123660166179     
   4.20666083333333        5.10765958333333      -0.155541038614483     
   4.20666083333333        5.40799250000000      -0.150277083112448     
   4.20666083333333        5.70832541666667      -0.145358434502817     
   4.20666083333333        6.00865833333333      -0.140806927810786     
   4.20666083333333        6.30899125000000      -0.136575413956032     
   4.20666083333333        6.60932416666667      -0.132234796988249     
   4.20666083333333        6.90965708333333      -0.127227142069583     
   4.20666083333333        7.20999000000000      -0.122413825798567     
   4.50699375000000       2.000000000000000E-003 -0.233094475174432     
   4.50699375000000       0.302332916666667      -0.231535991966768     
   4.50699375000000       0.602665833333333      -0.228213617312755     
   4.50699375000000       0.902998750000000      -0.224617902146226     
   4.50699375000000        1.20333166666667      -0.220999022074622     
   4.50699375000000        1.50366458333333      -0.216987645229650     
   4.50699375000000        1.80399750000000      -0.212516448860315     
   4.50699375000000        2.10433041666667      -0.207584069126594     
   4.50699375000000        2.40466333333333      -0.202206231373804     
   4.50699375000000        2.70499625000000      -0.196453401914938     
   4.50699375000000        3.00532916666667      -0.190462473467775     
   4.50699375000000        3.30566208333333      -0.184403379741458     
   4.50699375000000        3.60599500000000      -0.178424256117686     
   4.50699375000000        3.90632791666667      -0.172612337270914     
   4.50699375000000        4.20666083333333      -0.166992309949111     
   4.50699375000000        4.50699375000000      -0.161553376625447     
   4.50699375000000        4.80732666666667      -0.156280070489302     
   4.50699375000000        5.10765958333333      -0.151169177961474     
   4.50699375000000        5.40799250000000      -0.146231893387588     
   4.50699375000000        5.70832541666667      -0.141488417087760     
   4.50699375000000        6.00865833333333      -0.136949926983472     
   4.50699375000000        6.30899125000000      -0.132557376849540     
   4.50699375000000        6.60932416666667      -0.128139649340338     
   4.50699375000000        6.90965708333333      -0.123649526759465     
   4.50699375000000        7.20999000000000      -0.119599283038885     
   4.80732666666667       2.000000000000000E-003 -0.217299222240455     
   4.80732666666667       0.302332916666667      -0.216315807837054     
   4.80732666666667       0.602665833333333      -0.214055471584858     
   4.80732666666667       0.902998750000000      -0.211386417935260     
   4.80732666666667        1.20333166666667      -0.208422093965421     
   4.80732666666667        1.50366458333333      -0.205062799200682     
   4.80732666666667        1.80399750000000      -0.201248541233107     
   4.80732666666667        2.10433041666667      -0.196959928324832     
   4.80732666666667        2.40466333333333      -0.192222705532736     
   4.80732666666667        2.70499625000000      -0.187126199130499     
   4.80732666666667        3.00532916666667      -0.181817818023795     
   4.80732666666667        3.30566208333333      -0.176464074662910     
   4.80732666666667        3.60599500000000      -0.171197709617042     
   4.80732666666667        3.90632791666667      -0.166084071383885     
   4.80732666666667        4.20666083333333      -0.161123586301426     
   4.80732666666667        4.50699375000000      -0.156280025312620     
   4.80732666666667        4.80732666666667      -0.151514736754800     
   4.80732666666667        5.10765958333333      -0.146810204479107     
   4.80732666666667        5.40799250000000      -0.142177152838335     
   4.80732666666667        5.70832541666667      -0.137647453519854     
   4.80732666666667        6.00865833333333      -0.133255802394241     
   4.80732666666667        6.30899125000000      -0.129011959279614     
   4.80732666666667        6.60932416666667      -0.124890445592543     
   4.80732666666667        6.90965708333333      -0.120929235979293     
   4.80732666666667        7.20999000000000      -0.117412580404838     
   5.10765958333333       2.000000000000000E-003 -0.203021423509734     
   5.10765958333333       0.302332916666667      -0.202529976338282     
   5.10765958333333       0.602665833333333      -0.201241991031610     
   5.10765958333333       0.902998750000000      -0.199367534735860     
   5.10765958333333        1.20333166666667      -0.196995288748827     
   5.10765958333333        1.50366458333333      -0.194133509962989     
   5.10765958333333        1.80399750000000      -0.190784035749479     
   5.10765958333333        2.10433041666667      -0.186973990387757     
   5.10765958333333        2.40466333333333      -0.182770837292484     
   5.10765958333333        2.70499625000000      -0.178286018376675     
   5.10765958333333        3.00532916666667      -0.173657493582924     
   5.10765958333333        3.30566208333333      -0.169013430787799     
   5.10765958333333        3.60599500000000      -0.164436593526415     
   5.10765958333333        3.90632791666667      -0.159951851213033     
   5.10765958333333        4.20666083333333      -0.155540914953803     
   5.10765958333333        4.50699375000000      -0.151169075206788     
   5.10765958333333        4.80732666666667      -0.146810140356472     
   5.10765958333333        5.10765958333333      -0.142461775738082     
   5.10765958333333        5.40799250000000      -0.138147740528981     
   5.10765958333333        5.70832541666667      -0.133909278319072     
   5.10765958333333        6.00865833333333      -0.129791930798148     
   5.10765958333333        6.30899125000000      -0.125835963708185     
   5.10765958333333        6.60932416666667      -0.122081010508339     
   5.10765958333333        6.90965708333333      -0.118592172001281     
   5.10765958333333        7.20999000000000      -0.115469319478903     
   5.40799250000000       2.000000000000000E-003 -0.190388665148790     
   5.40799250000000       0.302332916666667      -0.190170457348579     
   5.40799250000000       0.602665833333333      -0.189471031219959     
   5.40799250000000       0.902998750000000      -0.188184176205862     
   5.40799250000000        1.20333166666667      -0.186286590125105     
   5.40799250000000        1.50366458333333      -0.183816723417759     
   5.40799250000000        1.80399750000000      -0.180844243235249     
   5.40799250000000        2.10433041666667      -0.177465130173083     
   5.40799250000000        2.40466333333333      -0.173796783933626     
   5.40799250000000        2.70499625000000      -0.169962630869467     
   5.40799250000000        3.00532916666667      -0.166065272645361     
   5.40799250000000        3.30566208333333      -0.162158380147119     
   5.40799250000000        3.60599500000000      -0.158240315560758     
   5.40799250000000        3.90632791666667      -0.154284082374167     
   5.40799250000000        4.20666083333333      -0.150276906549149     
   5.40799250000000        4.50699375000000      -0.146231720401461     
   5.40799250000000        4.80732666666667      -0.142177000802694     
   5.40799250000000        5.10765958333333      -0.138147637337153     
   5.40799250000000        5.40799250000000      -0.134179341889462     
   5.40799250000000        5.70832541666667      -0.130302998619978     
   5.40799250000000        6.00865833333333      -0.126543752433460     
   5.40799250000000        6.30899125000000      -0.122929139503728     
   5.40799250000000        6.60932416666667      -0.119509435237104     
   5.40799250000000        6.90965708333333      -0.116345742241062     
   5.40799250000000        7.20999000000000      -0.113486380659975     
   5.70832541666667       2.000000000000000E-003 -0.178109739031660     
   5.70832541666667       0.302332916666667      -0.178315504045917     
   5.70832541666667       0.602665833333333      -0.178336622722532     
   5.70832541666667       0.902998750000000      -0.177675256325173     
   5.70832541666667        1.20333166666667      -0.176195539704068     
   5.70832541666667        1.50366458333333      -0.174056512243580     
   5.70832541666667        1.80399750000000      -0.171432172778737     
   5.70832541666667        2.10433041666667      -0.168487272515584     
   5.70832541666667        2.40466333333333      -0.165381688726336     
   5.70832541666667        2.70499625000000      -0.162241774279424     
   5.70832541666667        3.00532916666667      -0.159124718196615     
   5.70832541666667        3.30566208333333      -0.155985351846705     
   5.70832541666667        3.60599500000000      -0.152690475059851     
   5.70832541666667        3.90632791666667      -0.149135946433978     
   5.70832541666667        4.20666083333333      -0.145358203614815     
   5.70832541666667        4.50699375000000      -0.141488157295647     
   5.70832541666667        4.80732666666667      -0.137647186668651     
   5.70832541666667        5.10765958333333      -0.133909019570763     
   5.70832541666667        5.40799250000000      -0.130302799607196     
   5.70832541666667        5.70832541666667      -0.126821854140898     
   5.70832541666667        6.00865833333333      -0.123445671001468     
   5.70832541666667        6.30899125000000      -0.120187153547672     
   5.70832541666667        6.60932416666667      -0.117056672126028     
   5.70832541666667        6.90965708333333      -0.114090989224617     
   5.70832541666667        7.20999000000000      -0.111476664452601     
   6.00865833333333       2.000000000000000E-003 -0.165871540790142     
   6.00865833333333       0.302332916666667      -0.166770477858795     
   6.00865833333333       0.602665833333333      -0.167946807130624     
   6.00865833333333       0.902998750000000      -0.168003065207522     
   6.00865833333333        1.20333166666667      -0.166880865410885     
   6.00865833333333        1.50366458333333      -0.165006174157580     
   6.00865833333333        1.80399750000000      -0.162705008204476     
   6.00865833333333        2.10433041666667      -0.160180503767056     
   6.00865833333333        2.40466333333333      -0.157616083073148     
   6.00865833333333        2.70499625000000      -0.155149457599265     
   6.00865833333333        3.00532916666667      -0.152835961511436     
   6.00865833333333        3.30566208333333      -0.150555160814341     
   6.00865833333333        3.60599500000000      -0.147914492420063     
   6.00865833333333        3.90632791666667      -0.144598234401094     
   6.00865833333333        4.20666083333333      -0.140806588567657     
   6.00865833333333        4.50699375000000      -0.136949556338145     
   6.00865833333333        4.80732666666667      -0.133255400715460     
   6.00865833333333        5.10765958333333      -0.129791468786896     
   6.00865833333333        5.40799250000000      -0.126543221302425     
   6.00865833333333        5.70832541666667      -0.123445258574281     
   6.00865833333333        6.00865833333333      -0.120447249212711     
   6.00865833333333        6.30899125000000      -0.117526532176257     
   6.00865833333333        6.60932416666667      -0.114577263211252     
   6.00865833333333        6.90965708333333      -0.111580044046889     
   6.00865833333333        7.20999000000000      -0.108971176400114     
   6.30899125000000       2.000000000000000E-003 -0.154155487762509     
   6.30899125000000       0.302332916666667      -0.156466543999063     
   6.30899125000000       0.602665833333333      -0.159179628176149     
   6.30899125000000       0.902998750000000      -0.159524114289955     
   6.30899125000000        1.20333166666667      -0.158489269285221     
   6.30899125000000        1.50366458333333      -0.156814306811611     
   6.30899125000000        1.80399750000000      -0.154789208391552     
   6.30899125000000        2.10433041666667      -0.152627518324001     
   6.30899125000000        2.40466333333333      -0.150489929482479     
   6.30899125000000        2.70499625000000      -0.148536759042176     
   6.30899125000000        3.00532916666667      -0.147046758432108     
   6.30899125000000        3.30566208333333      -0.145866037678525     
   6.30899125000000        3.60599500000000      -0.144007633762506     
   6.30899125000000        3.90632791666667      -0.140722261832203     
   6.30899125000000        4.20666083333333      -0.136574419831798     
   6.30899125000000        4.50699375000000      -0.132558924954758     
   6.30899125000000        4.80732666666667      -0.129011406389048     
   6.30899125000000        5.10765958333333      -0.125835304496078     
   6.30899125000000        5.40799250000000      -0.122928129829717     
   6.30899125000000        5.70832541666667      -0.120186328518892     
   6.30899125000000        6.00865833333333      -0.117526495417695     
   6.30899125000000        6.30899125000000      -0.114900491651042     
   6.30899125000000        6.60932416666667      -0.112106470634229     
   6.30899125000000        6.90965708333333      -0.108783739255830     
   6.30899125000000        7.20999000000000      -0.105741052830112     
   6.60932416666667       2.000000000000000E-003 -0.144488320036464     
   6.60932416666667       0.302332916666667      -0.149660499526054     
   6.60932416666667       0.602665833333333      -0.152644530913280     
   6.60932416666667       0.902998750000000      -0.151926383193104     
   6.60932416666667        1.20333166666667      -0.150794391980665     
   6.60932416666667        1.50366458333333      -0.149426438568240     
   6.60932416666667        1.80399750000000      -0.147700756274223     
   6.60932416666667        2.10433041666667      -0.145812787765142     
   6.60932416666667        2.40466333333333      -0.143899442246924     
   6.60932416666667        2.70499625000000      -0.142206920106827     
   6.60932416666667        3.00532916666667      -0.141382527671752     
   6.60932416666667        3.30566208333333      -0.141318829796457     
   6.60932416666667        3.60599500000000      -0.140360614628674     
   6.60932416666667        3.90632791666667      -0.136872023311573     
   6.60932416666667        4.20666083333333      -0.132241247575512     
   6.60932416666667        4.50699375000000      -0.128138348364936     
   6.60932416666667        4.80732666666667      -0.124889805624657     
   6.60932416666667        5.10765958333333      -0.122080346967202     
   6.60932416666667        5.40799250000000      -0.119508199543026     
   6.60932416666667        5.70832541666667      -0.117055618022994     
   6.60932416666667        6.00865833333333      -0.114576710515074     
   6.60932416666667        6.30899125000000      -0.112106647538195     
   6.60932416666667        6.60932416666667      -0.109672401473761     
   6.60932416666667        6.90965708333333      -0.106295078161301     
   6.60932416666667        7.20999000000000      -0.102237015920420     
   6.90965708333333       2.000000000000000E-003 -0.139873077055998     
   6.90965708333333       0.302332916666667      -0.146186259596762     
   6.90965708333333       0.602665833333333      -0.144825072828667     
   6.90965708333333       0.902998750000000      -0.143703460506599     
   6.90965708333333        1.20333166666667      -0.143437134371369     
   6.90965708333333        1.50366458333333      -0.142733673783633     
   6.90965708333333        1.80399750000000      -0.141386619729531     
   6.90965708333333        2.10433041666667      -0.139705149201759     
   6.90965708333333        2.40466333333333      -0.137840647322791     
   6.90965708333333        2.70499625000000      -0.136206905187824     
   6.90965708333333        3.00532916666667      -0.135428835020804     
   6.90965708333333        3.30566208333333      -0.135763287040597     
   6.90965708333333        3.60599500000000      -0.135671286613942     
   6.90965708333333        3.90632791666667      -0.131816765797879     
   6.90965708333333        4.20666083333333      -0.127226338003621     
   6.90965708333333        4.50699375000000      -0.123648914794549     
   6.90965708333333        4.80732666666667      -0.120928696664829     
   6.90965708333333        5.10765958333333      -0.118592291811779     
   6.90965708333333        5.40799250000000      -0.116345896114362     
   6.90965708333333        5.70832541666667      -0.114091409251157     
   6.90965708333333        6.00865833333333      -0.111580738286522     
   6.90965708333333        6.30899125000000      -0.108783427191223     
   6.90965708333333        6.60932416666667      -0.106294371656336     
   6.90965708333333        6.90965708333333      -0.104748784085032     
   6.90965708333333        7.20999000000000      -0.101281405593153     
   7.20999000000000       2.000000000000000E-003 -0.139770978780615     
   7.20999000000000       0.302332916666667      -0.135891524290697     
   7.20999000000000       0.602665833333333      -0.134350969719377     
   7.20999000000000       0.902998750000000      -0.135951292475884     
   7.20999000000000        1.20333166666667      -0.137025849162146     
   7.20999000000000        1.50366458333333      -0.136925996798469     
   7.20999000000000        1.80399750000000      -0.135839948771460     
   7.20999000000000        2.10433041666667      -0.134332903218289     
   7.20999000000000        2.40466333333333      -0.132585074229119     
   7.20999000000000        2.70499625000000      -0.130999546250593     
   7.20999000000000        3.00532916666667      -0.130019855517103     
   7.20999000000000        3.30566208333333      -0.130154309495647     
   7.20999000000000        3.60599500000000      -0.131272890405361     
   7.20999000000000        3.90632791666667      -0.126353873934848     
   7.20999000000000        4.20666083333333      -0.122406978515921     
   7.20999000000000        4.50699375000000      -0.119592829465825     
   7.20999000000000        4.80732666666667      -0.117409032457362     
   7.20999000000000        5.10765958333333      -0.115472071480687     
   7.20999000000000        5.40799250000000      -0.113509379341781     
   7.20999000000000        5.70832541666667      -0.111469297528113     
   7.20999000000000        6.00865833333333      -0.108938051926471     
   7.20999000000000        6.30899125000000      -0.105743189885406     
   7.20999000000000        6.60932416666667      -0.102275661877821     
   7.20999000000000        6.90965708333333      -0.101287296105256     
   7.20999000000000        7.20999000000000      -0.101576820629179     
